    model.add(Conv2D(32, kernel_size=(10, 10), strides=(1, 1),
                    activation='relu',
                    input_shape=input_shape))
    model.add(MaxPooling2D(pool_size=(2, 2),strides=(2, 2)))
    model.add(Conv2D(128, (5, 5), activation='relu'))
    model.add(MaxPooling2D(pool_size=(2, 2),strides=(2, 2)))
    model.add(Conv2D(512, (5, 5), activation='relu'))
    model.add(MaxPooling2D(pool_size=(2, 2)))
[52, 321, 304, 2, 260, 397, 338, 183, 236, 362, 389, 258, 94, 72, 299, 281, 219, 256, 173, 174, 342, 65, 249, 164, 274, 316, 275, 391, 114, 97, 276, 208, 203, 161, 39, 364, 99, 167, 329, 288, 17, 42, 77, 80, 381, 187, 134, 129, 292, 20, 140, 86, 246, 315, 348, 279, 326, 56, 135, 155, 303, 85, 325, 390, 305, 217, 145, 280, 265, 200, 317, 91, 393, 163, 211, 8, 79, 154, 297, 301]
[[0 3 3 0 2 3 3 1 2 3 3 2 0 0 2 2 2 2 1 1 3 0 2 1 2 3 2 3 1 0 2 2 2 1 0 3
  0 1 3 2 0 0 0 0 3 1 1 1 2 0 1 0 2 3 3 2 3 0 1 1 3 0 3 3 3 2 1 2 2 1 3 0
  3 1 2 0 0 1 2 3]]
Test loss:1.6245441198349Test accuracy:0.7875
[[9.78944302e-01 1.98685974e-08 2.10556593e-02 4.26065263e-08]
 [2.40224268e-17 2.23108939e-23 2.13698112e-14 1.00000000e+00]
 [1.74122313e-16 1.23086050e-16 2.49149702e-15 1.00000000e+00]
 [9.98851776e-01 7.23444549e-09 2.79820451e-05 1.12024299e-03]
 [1.03115535e-03 1.73900207e-06 9.98967052e-01 5.53443265e-08]
 [4.45003643e-05 4.86741214e-07 2.55669293e-04 9.99699354e-01]
 [1.05889550e-04 3.62946466e-03 5.35558239e-02 9.42708850e-01]
 [1.19426276e-03 9.72616017e-01 2.61829719e-02 6.67727772e-06]
 [8.93449032e-05 2.41956166e-09 9.99910593e-01 3.01176173e-09]
 [1.66818395e-03 7.09205210e-08 9.97582674e-01 7.49031198e-04]
 [5.37049255e-15 3.78266076e-14 3.01824971e-19 1.00000000e+00]
 [2.74047465e-03 1.62383858e-02 1.22206911e-04 9.80898857e-01]
 [6.01000784e-06 9.99994040e-01 1.23324745e-13 6.34976180e-22]
 [9.98875797e-01 3.14589621e-09 1.12424116e-03 8.58777993e-10]
 [9.78061438e-01 1.35384980e-04 2.16919929e-02 1.11285983e-04]
 [1.11966478e-02 9.88803089e-01 2.84250746e-07 5.54112205e-08]
 [4.26015868e-06 9.32119548e-01 4.96858556e-04 6.73794150e-02]
 [1.88611983e-03 6.51671737e-03 9.91596758e-01 5.17500041e-07]
 [5.44212986e-09 9.99999404e-01 6.39960376e-07 2.29413450e-12]
 [3.91492605e-01 1.78809345e-01 4.21942383e-01 7.75571354e-03]
 [9.39980906e-04 2.45698684e-10 1.30202380e-07 9.99059856e-01]
 [1.61240518e-01 3.79826724e-06 8.38753462e-01 2.20873562e-06]
 [1.09836478e-02 1.22295023e-04 9.88573074e-01 3.21029132e-04]
 [5.29552563e-05 9.99407411e-01 5.39642875e-04 2.44666527e-08]
 [2.71462661e-04 9.99612987e-01 5.57739477e-05 5.98696497e-05]
 [6.71149733e-11 1.08015759e-14 1.20127464e-09 1.00000000e+00]
 [1.39910274e-03 1.99039772e-01 7.99561083e-01 1.53963009e-09]
 [8.18748867e-06 2.13302172e-07 4.85747478e-07 9.99991059e-01]
 [1.46211154e-04 9.99348700e-01 5.03105810e-04 1.99584269e-06]
 [9.99999642e-01 5.00499642e-12 3.32544914e-07 6.20406435e-11]
 [1.80561200e-03 6.27108893e-05 9.98131335e-01 3.82346428e-07]
 [6.97712541e-01 1.54992507e-04 3.02083880e-01 4.86233403e-05]
 [5.63946543e-08 9.99913931e-01 7.68240643e-05 9.23720654e-06]
 [1.36757849e-08 9.98561203e-01 1.43878802e-03 3.07665976e-11]
 [1.00000000e+00 1.96069571e-12 2.90084790e-10 2.64053313e-09]
 [6.48412435e-10 2.78595171e-15 2.37039999e-10 1.00000000e+00]
 [9.99997735e-01 4.83208742e-12 1.49841503e-06 6.78423930e-07]
 [1.87467108e-03 1.47420747e-06 9.87148702e-01 1.09751355e-02]
 [2.03807016e-08 1.26008342e-08 8.16560899e-08 9.99999881e-01]
 [7.93344807e-03 9.88087296e-01 3.94488731e-03 3.44147411e-05]
 [9.98767376e-01 1.26671548e-05 1.00101251e-03 2.19016336e-04]
 [9.99847293e-01 1.53817470e-09 6.17616824e-05 9.09892115e-05]
 [9.98063862e-01 8.73531292e-07 1.62308326e-03 3.12143529e-04]
 [9.99979377e-01 3.40686762e-13 6.30415889e-06 1.43546795e-05]
 [2.67363687e-09 1.76359594e-10 1.41335388e-09 1.00000000e+00]
 [2.67293281e-03 9.16889369e-01 8.04364905e-02 1.17989657e-06]
 [1.43381158e-05 9.99975920e-01 1.58199907e-08 9.75381954e-06]
 [1.24697426e-08 9.98757124e-01 1.24293705e-03 2.40534016e-11]
 [1.46995792e-02 1.46174253e-10 9.85299945e-01 4.17701784e-07]
 [9.95083570e-01 5.63554411e-11 2.51397782e-04 4.66511259e-03]
 [4.68674671e-06 9.99993443e-01 1.77661661e-06 1.50020654e-07]
 [8.54948819e-01 1.40448362e-01 4.32792818e-03 2.74868449e-04]
 [9.06497896e-01 2.54489987e-06 9.34990942e-02 4.73557179e-07]
 [3.90650857e-05 2.21794068e-07 2.23360485e-06 9.99958515e-01]
 [1.64036429e-08 8.05646465e-08 1.53220697e-07 9.99999762e-01]
 [1.03365891e-01 1.05063226e-02 8.85661542e-01 4.66219644e-04]
 [3.05031556e-09 2.12115747e-09 7.21897750e-11 1.00000000e+00]
 [9.93806124e-01 1.55424132e-04 5.80023695e-03 2.38262102e-04]
 [9.66390729e-01 9.91296954e-03 9.76868687e-05 2.35985424e-02]
 [7.12808514e-07 9.99945402e-01 5.38689237e-05 5.11425569e-10]
 [5.55153363e-13 1.00068651e-12 2.79247827e-12 1.00000000e+00]
 [9.98973131e-01 7.35203400e-07 7.57325499e-04 2.68908014e-04]
 [1.48279040e-13 9.18295604e-13 9.19361938e-15 1.00000000e+00]
 [8.76500451e-07 5.78215031e-10 2.10264748e-08 9.99999046e-01]
 [1.78041720e-10 7.08181005e-14 3.64305652e-09 1.00000000e+00]
 [9.20702636e-01 2.94516366e-02 1.55339512e-05 4.98300828e-02]
 [2.60387489e-09 9.99989271e-01 1.07803926e-05 9.07688716e-11]
 [1.00958550e-06 4.07004819e-07 9.99998569e-01 9.53938387e-11]
 [2.47080170e-08 1.73527894e-08 1.00000000e+00 4.36943370e-09]
 [4.57341552e-01 4.82510835e-01 5.78556359e-02 2.29191314e-03]
 [1.48882480e-08 3.16515737e-11 2.54144483e-09 1.00000000e+00]
 [9.98633683e-01 2.92110336e-10 1.36606547e-03 2.09983753e-07]
 [3.75977805e-04 2.46721670e-13 1.44556282e-06 9.99622583e-01]
 [1.23084319e-04 9.99868155e-01 6.54409087e-06 2.09549648e-06]
 [1.27057554e-02 5.76428312e-04 9.86717582e-01 2.09185998e-07]
 [9.48680878e-01 2.17893160e-07 5.10540232e-02 2.64876726e-04]
 [9.99977112e-01 3.49388185e-10 1.17250202e-05 1.12354910e-05]
 [8.34930956e-01 3.25462702e-06 1.65058300e-01 7.48849425e-06]
 [2.78916523e-05 3.37239844e-03 9.96599734e-01 5.50954768e-11]
 [5.46642267e-21 6.91907528e-19 7.04744544e-19 1.00000000e+00]]
[234, 104, 200, 80, 382, 46, 334, 398, 263, 194, 50, 256, 88, 112, 314, 254, 110, 151, 235, 71, 32, 342, 351, 313, 66, 372, 352, 31, 227, 119, 258, 331, 217, 340, 198, 206, 302, 388, 317, 60, 47, 281, 260, 123, 360, 141, 300, 106, 257, 61, 305, 265, 117, 188, 343, 232, 42, 13, 49, 99, 24, 247, 336, 373, 341, 335, 11, 271, 107, 149, 329, 37, 354, 322, 150, 142, 244, 272, 361, 242]
[[2 1 1 0 3 0 3 3 2 1 0 2 0 1 3 2 1 1 2 0 0 3 3 3 0 3 3 0 2 1 2 3 2 3 1 2
  3 3 3 0 0 2 2 1 3 1 2 1 2 0 3 2 1 1 3 2 0 0 0 0 0 2 3 3 3 3 0 2 1 1 3 0
  3 3 1 1 2 2 3 2]]
Test loss:1.4056791067123413Test accuracy:0.8
[[9.99134362e-01 5.86425449e-05 7.98487628e-04 8.54788595e-06]
 [1.02298578e-08 9.99078989e-01 9.20963997e-04 4.20446081e-14]
 [1.37612194e-01 8.50346327e-01 1.20255202e-02 1.59360952e-05]
 [9.99357879e-01 7.88201007e-08 9.86256850e-07 6.41080784e-04]
 [1.22780301e-08 3.04150749e-09 1.93939201e-07 9.99999762e-01]
 [9.99810636e-01 3.65571805e-06 1.69854990e-04 1.58878956e-05]
 [1.25521782e-03 2.13451101e-09 3.90681777e-07 9.98744369e-01]
 [5.61158904e-16 1.00754890e-19 3.51377185e-13 1.00000000e+00]
 [5.50070638e-07 6.39954267e-09 9.99999404e-01 2.17385623e-10]
 [5.02245780e-03 9.00997281e-01 9.39802155e-02 1.87272331e-09]
 [9.98898387e-01 2.85670103e-04 8.07063479e-04 8.85913414e-06]
 [3.62930441e-05 4.93130879e-03 9.95032430e-01 3.73007909e-11]
 [9.99074340e-01 3.62217691e-07 9.15974029e-04 9.24450433e-06]
 [6.97610267e-06 9.99946594e-01 4.64270743e-05 6.59714124e-12]
 [2.87474818e-12 4.51922028e-14 1.26493691e-10 1.00000000e+00]
 [9.97815013e-01 3.78544001e-07 1.32427912e-03 8.60345783e-04]
 [1.97584865e-11 1.00000000e+00 1.52478847e-08 6.31815648e-19]
 [3.84244695e-02 1.49237856e-01 8.12254727e-01 8.29307173e-05]
 [4.09857703e-09 6.34833057e-08 9.99999881e-01 8.57487570e-14]
 [9.86698985e-01 1.53370129e-04 1.31412325e-02 6.29319038e-06]
 [9.48427618e-01 2.21993500e-11 5.15722670e-02 1.63731016e-07]
 [3.76363372e-04 6.02280625e-09 2.17354659e-06 9.99621391e-01]
 [7.28834891e-07 1.15299894e-08 2.18433197e-04 9.99780834e-01]
 [3.89637400e-15 2.76638876e-17 1.27200442e-13 1.00000000e+00]
 [9.77384865e-01 5.00772803e-05 2.25649811e-02 2.96323783e-08]
 [1.58577307e-13 4.39695057e-15 3.83831800e-10 1.00000000e+00]
 [2.55348613e-08 5.41676565e-11 6.21325285e-08 9.99999881e-01]
 [9.99892235e-01 1.50786772e-12 1.07785709e-04 1.25682145e-10]
 [1.46158418e-04 5.78891886e-08 9.99853730e-01 3.03532477e-10]
 [7.65349716e-04 9.96957541e-01 2.27713096e-03 1.97268063e-10]
 [5.88643085e-03 2.21242226e-04 8.41668982e-04 9.93050694e-01]
 [3.44563932e-06 1.92485885e-07 3.48538106e-06 9.99992847e-01]
 [4.89747703e-01 2.95948867e-05 2.26176548e-04 5.09996533e-01]
 [7.88807938e-07 1.17578782e-08 2.10886583e-07 9.99999046e-01]
 [2.53887624e-02 9.74497855e-01 1.13331385e-04 3.37300818e-08]
 [9.91721153e-01 4.07621030e-07 8.22250359e-03 5.60947410e-05]
 [4.32094878e-21 4.11966641e-21 1.46823670e-18 1.00000000e+00]
 [9.99940038e-01 7.48246354e-09 1.02811946e-05 4.96885732e-05]
 [2.32680569e-10 9.25574201e-12 1.14309569e-10 1.00000000e+00]
 [9.98733461e-01 1.54591282e-04 3.39013408e-04 7.72999891e-04]
 [1.27560705e-01 1.41261480e-14 6.92112508e-07 8.72438610e-01]
 [6.69842393e-07 9.99999285e-01 1.34438869e-08 1.83425957e-19]
 [1.28373094e-02 3.05258902e-04 9.86826301e-01 3.10363794e-05]
 [3.12142540e-03 9.89160955e-01 7.71756424e-03 1.59448305e-07]
 [2.32680569e-10 9.25574201e-12 1.14309569e-10 1.00000000e+00]
 [1.12880386e-01 1.14279762e-01 7.72829175e-01 1.07236492e-05]
 [2.67597898e-07 4.31417966e-12 5.13792088e-07 9.99999166e-01]
 [1.40857413e-01 7.78681040e-01 8.02761018e-02 1.85363402e-04]
 [1.25611594e-04 8.51251480e-06 9.99863625e-01 2.31923605e-06]
 [9.99936819e-01 5.36709058e-06 5.66228045e-05 1.19375704e-06]
 [1.47310782e-16 3.64313235e-13 1.11523984e-12 1.00000000e+00]
 [1.00612112e-17 1.54469197e-14 1.00000000e+00 1.60624471e-13]
 [2.59500643e-09 9.99999404e-01 6.01482498e-07 3.44331202e-16]
 [3.03407287e-04 9.81236219e-01 1.84603184e-02 1.93466007e-10]
 [1.91245011e-08 3.07826440e-08 1.77149504e-05 9.99982238e-01]
 [2.34287186e-03 1.71892732e-01 8.25764418e-01 4.55072535e-10]
 [9.99989986e-01 3.31912275e-08 3.61045323e-07 9.70557630e-06]
 [9.96814311e-01 8.35307006e-08 2.55624577e-03 6.29312708e-04]
 [7.65532017e-01 2.32399106e-01 2.06881645e-03 2.73311816e-14]
 [9.99987721e-01 8.70635064e-10 1.17093550e-05 5.73981708e-07]
 [9.99839902e-01 3.88277698e-07 1.56806665e-04 2.89549212e-06]
 [1.50210649e-01 4.12889384e-02 8.06542158e-01 1.95822539e-03]
 [1.44178836e-09 9.99901056e-01 7.44458418e-07 9.82164274e-05]
 [1.79934023e-14 3.86122699e-18 1.05696181e-12 1.00000000e+00]
 [1.54969869e-02 8.83889228e-08 3.58395700e-05 9.84467149e-01]
 [2.69663891e-17 1.84937191e-04 6.84817633e-06 9.99808252e-01]
 [9.99894500e-01 7.86019166e-11 2.74127707e-08 1.05497551e-04]
 [1.34510785e-08 6.48741200e-11 1.00000000e+00 2.60788104e-15]
 [8.17831847e-07 9.99999166e-01 2.43419223e-08 5.01217503e-13]
 [8.16778760e-14 6.39647722e-01 3.60352308e-01 1.89257604e-25]
 [2.09566420e-10 1.81479598e-09 6.56297843e-08 9.99999881e-01]
 [2.64200295e-04 4.39935889e-07 9.99734819e-01 5.23048470e-07]
 [2.53951224e-16 3.58526010e-18 5.17245910e-16 1.00000000e+00]
 [2.74877452e-13 1.06727617e-14 5.24858460e-16 1.00000000e+00]
 [1.09891415e-10 9.99963522e-01 3.64410553e-05 4.13237221e-15]
 [5.26567678e-10 1.00000000e+00 5.41143308e-09 1.10204969e-15]
 [6.86384812e-02 6.51434266e-06 9.31354523e-01 4.59068048e-07]
 [9.99206364e-01 4.81819334e-05 7.38401432e-04 6.99247767e-06]
 [1.53971502e-08 5.80128729e-01 1.01678595e-02 4.09703434e-01]
 [4.63303149e-01 5.23237586e-01 1.34587381e-02 5.36609491e-07]]
[320, 391, 237, 6, 55, 133, 375, 54, 197, 275, 52, 339, 185, 255, 352, 240, 357, 208, 388, 134, 306, 41, 149, 196, 94, 144, 379, 200, 76, 176, 317, 344, 53, 97, 376, 385, 135, 282, 236, 113, 265, 201, 2, 209, 14, 264, 120, 287, 206, 334, 283, 346, 349, 37, 118, 142, 11, 7, 348, 46, 181, 50, 137, 217, 9, 108, 1, 195, 90, 396, 29, 356, 279, 101, 244, 74, 254, 80, 5, 398]
[[3 3 2 0 0 1 3 0 1 2 0 3 1 2 3 2 3 2 3 1 3 0 1 1 0 1 3 1 0 1 3 3 0 0 3 3
  1 2 2 1 2 2 0 2 0 2 1 2 2 3 2 3 3 0 1 1 0 0 3 0 1 0 1 2 0 1 0 1 0 3 0 3
  2 1 2 0 2 0 0 3]]
Test loss:1.4350009918212892Test accuracy:0.7875
[[3.89177135e-10 2.27690525e-05 1.01229620e-04 9.99876022e-01]
 [9.63052457e-07 1.30092257e-08 1.84284363e-06 9.99997139e-01]
 [5.20637608e-04 9.56805830e-04 9.98499036e-01 2.35104217e-05]
 [1.00000000e+00 4.53499174e-12 2.63033395e-09 1.46705172e-08]
 [1.00000000e+00 7.22748957e-19 4.81026284e-14 4.75635292e-14]
 [3.10489645e-06 9.99994516e-01 2.35389530e-06 1.45236420e-10]
 [3.54948241e-07 2.01395432e-14 4.32276472e-08 9.99999642e-01]
 [1.00000000e+00 1.43510182e-09 1.03855280e-08 2.45743976e-08]
 [3.24748617e-05 9.88242805e-01 1.17244413e-02 2.84515608e-07]
 [4.25950333e-04 6.33742809e-01 3.65831286e-01 1.48854067e-08]
 [9.98384953e-01 1.59124616e-10 1.61509064e-03 7.58178451e-11]
 [4.23770234e-06 2.08323123e-03 7.20235184e-05 9.97840524e-01]
 [2.86273371e-06 9.99736249e-01 2.60928733e-04 1.37649525e-09]
 [9.41358758e-06 4.80262080e-11 9.99614120e-01 3.76392039e-04]
 [2.26865453e-07 3.92315158e-09 1.14914303e-06 9.99998569e-01]
 [3.12479487e-10 8.11646791e-11 1.00000000e+00 1.68041952e-14]
 [5.14654346e-07 3.15933304e-12 1.76191108e-07 9.99999285e-01]
 [7.47866690e-01 1.18587317e-03 2.50754863e-01 1.92542386e-04]
 [1.99522451e-01 7.63087766e-03 7.85695970e-01 7.15060253e-03]
 [2.91113579e-03 9.97039855e-01 4.61770796e-05 2.68850522e-06]
 [6.68056443e-11 4.06217587e-10 5.62113200e-09 1.00000000e+00]
 [9.94814456e-01 2.04270527e-05 5.12034539e-03 4.48738901e-05]
 [5.03135381e-12 1.98256894e-05 9.99980211e-01 8.36749369e-23]
 [1.39086857e-04 9.95468140e-01 4.38609347e-03 6.68284474e-06]
 [2.58235028e-04 9.99741733e-01 6.91950360e-12 2.12089568e-25]
 [1.25044553e-05 9.99884963e-01 1.01863778e-04 5.79091363e-07]
 [1.53964376e-11 6.67550433e-12 6.11888318e-09 1.00000000e+00]
 [1.70088127e-01 7.92216063e-01 3.74943949e-02 2.01431962e-04]
 [9.81696248e-01 7.55863994e-07 5.52518804e-06 1.82975605e-02]
 [1.09697087e-03 1.51024212e-03 9.97392774e-01 1.18658430e-10]
 [1.17030279e-08 6.61785622e-13 1.12981171e-08 1.00000000e+00]
 [6.38404754e-06 6.35876120e-07 1.34007156e-01 8.65985811e-01]
 [1.87492650e-02 3.54067282e-08 8.34478438e-02 8.97802830e-01]
 [9.99999881e-01 1.38144689e-15 1.42310014e-07 1.10184578e-11]
 [2.12348124e-04 1.96476080e-08 7.45782154e-06 9.99780238e-01]
 [6.46134554e-14 3.40913457e-17 9.66256519e-11 1.00000000e+00]
 [2.46609151e-01 2.05088151e-03 9.89815802e-04 7.50350177e-01]
 [6.25937828e-05 9.99933004e-01 4.35949141e-06 1.49934741e-17]
 [9.02755826e-04 8.19093060e-09 9.99097228e-01 1.59313025e-08]
 [7.04350427e-08 9.99999642e-01 2.95835889e-07 6.22448938e-14]
 [1.46043300e-09 4.37604397e-09 9.99995351e-01 4.61885384e-06]
 [1.18507941e-08 1.22317022e-06 9.99998808e-01 2.65005962e-10]
 [9.81696248e-01 7.55863994e-07 5.52518804e-06 1.82975605e-02]
 [3.62863511e-01 2.30222595e-05 6.37073040e-01 4.03985432e-05]
 [6.79344885e-06 9.48087096e-01 6.37829304e-03 4.55278419e-02]
 [3.87745917e-01 1.61805954e-02 5.96056402e-01 1.70505627e-05]
 [3.90198295e-07 9.99963880e-01 3.57571662e-05 3.64926353e-11]
 [1.16195646e-03 6.67403310e-06 9.98831213e-01 1.36744021e-07]
 [9.86140966e-01 4.98433849e-07 1.21825812e-02 1.67599507e-03]
 [5.32139311e-05 5.29698984e-12 1.59290622e-07 9.99946594e-01]
 [3.32619384e-05 5.98665247e-05 9.99906898e-01 1.96245420e-09]
 [1.65092631e-03 7.25817806e-09 3.99780256e-05 9.98309135e-01]
 [1.18330945e-09 5.20919291e-15 1.15654926e-08 1.00000000e+00]
 [2.14545918e-03 1.57563918e-04 9.97337878e-01 3.59109225e-04]
 [4.24928936e-09 1.00000000e+00 1.85789317e-09 2.30871919e-11]
 [1.67582115e-07 9.99997139e-01 2.78349466e-06 4.18237107e-08]
 [9.98446524e-01 2.17570428e-09 1.86206847e-07 1.55327551e-03]
 [9.97967899e-01 1.49962507e-04 8.47490679e-04 1.03450252e-03]
 [3.14338527e-10 1.63039601e-07 2.59273794e-08 9.99999762e-01]
 [9.91644323e-01 1.16518757e-04 7.61438953e-03 6.24810811e-04]
 [1.97149915e-04 9.91070271e-01 8.73257034e-03 8.25990110e-11]
 [9.98342037e-01 1.12927542e-03 4.56999056e-04 7.16929935e-05]
 [2.62465875e-07 9.99909520e-01 9.01827880e-05 1.77424908e-14]
 [9.96930182e-01 2.04226271e-05 1.40377097e-07 3.04925768e-03]
 [9.99940395e-01 3.01349334e-10 4.32780496e-08 5.95451056e-05]
 [3.06253694e-03 8.48465264e-01 1.48446664e-01 2.55074392e-05]
 [9.99964237e-01 1.84459044e-08 6.36978712e-07 3.51295712e-05]
 [3.07539070e-04 9.88440037e-01 1.12515921e-02 8.19450861e-07]
 [9.99636531e-01 6.33023589e-08 9.52588380e-06 3.53767013e-04]
 [5.36836624e-01 2.98654952e-04 1.08156189e-01 3.54708523e-01]
 [9.95225191e-01 5.39574057e-06 4.66906186e-03 1.00314835e-04]
 [3.89177135e-10 2.27690525e-05 1.01229620e-04 9.99876022e-01]
 [4.07638699e-02 1.57367103e-02 9.43340898e-01 1.58555224e-04]
 [2.24688379e-09 1.93067695e-04 9.99806941e-01 5.57223911e-09]
 [9.38772380e-01 7.44006883e-08 6.12122603e-02 1.52239572e-05]
 [9.99801695e-01 4.26924416e-08 6.67657878e-05 1.31539171e-04]
 [9.99135911e-01 8.41245583e-06 8.53074889e-04 2.65171025e-06]
 [9.83510077e-01 2.07318905e-07 1.04404990e-05 1.64793190e-02]
 [9.99985337e-01 2.22027410e-08 1.43999305e-05 2.56179220e-07]
 [3.81231899e-07 1.86926568e-14 1.23355850e-08 9.99999642e-01]]
[6, 97, 265, 90, 25, 272, 133, 213, 170, 372, 163, 381, 116, 196, 224, 205, 23, 394, 389, 337, 285, 399, 107, 231, 326, 393, 361, 391, 367, 14, 85, 134, 154, 282, 235, 368, 96, 358, 148, 223, 185, 44, 24, 339, 46, 302, 273, 143, 249, 115, 232, 84, 350, 66, 102, 219, 324, 45, 225, 135, 12, 279, 122, 36, 288, 171, 364, 13, 244, 172, 336, 269, 255, 176, 140, 150, 295, 152, 379, 77]
[[0 0 2 0 0 2 1 2 1 3 1 3 1 1 2 2 0 3 3 3 2 3 1 2 3 3 3 3 3 0 0 1 1 2 2 3
  0 3 1 2 1 0 0 3 0 3 2 1 2 1 2 0 3 0 1 2 3 0 2 1 0 2 1 0 2 1 3 0 2 1 3 2
  2 1 1 1 2 1 3 0]]
Test loss:2.035507154464722Test accuracy:0.7375
[[1.00000000e+00 1.76243376e-16 7.25447827e-11 1.08955810e-10]
 [1.00000000e+00 7.19426441e-18 6.91569996e-11 1.04892740e-14]
 [1.71443937e-09 2.16867579e-10 9.99999642e-01 3.28278134e-07]
 [9.99935269e-01 9.95898416e-12 5.46474803e-05 1.01852920e-05]
 [7.71398365e-01 8.99471070e-06 2.28574455e-01 1.80971474e-05]
 [9.55972850e-01 2.00580260e-07 4.40016799e-02 2.52428308e-05]
 [5.48935728e-04 9.99240279e-01 2.10858751e-04 4.69259831e-09]
 [4.16162424e-03 3.40770202e-06 9.95833874e-01 1.03444120e-06]
 [4.45521029e-04 9.99282658e-01 2.71893368e-04 3.15039834e-08]
 [1.19574593e-11 7.53849023e-14 3.23613918e-08 1.00000000e+00]
 [4.56239286e-05 9.99935031e-01 1.90281717e-05 2.65755006e-07]
 [3.03822656e-09 1.16956134e-09 8.17291390e-09 1.00000000e+00]
 [3.53619726e-05 9.99767840e-01 1.96744964e-04 1.88649416e-08]
 [8.25202660e-05 9.92951691e-01 6.93209143e-03 3.36926460e-05]
 [8.98029089e-01 2.64258938e-06 1.01965435e-01 2.79367941e-06]
 [5.32584227e-06 9.99335349e-01 6.59254380e-04 1.47885171e-09]
 [5.83139062e-03 9.94070590e-01 9.49292589e-05 3.12463771e-06]
 [8.67261260e-05 8.26568328e-11 2.67104724e-06 9.99910593e-01]
 [1.06796280e-17 1.15402267e-14 1.33566725e-18 1.00000000e+00]
 [9.77554679e-01 8.11681166e-05 1.15179084e-02 1.08461445e-02]
 [6.72484589e-07 1.13373346e-06 9.99997497e-01 7.67121662e-07]
 [3.49768088e-05 1.30317700e-16 9.99840617e-01 1.24426224e-04]
 [1.05137478e-04 9.99864936e-01 2.95389837e-05 4.09632435e-07]
 [4.99212034e-02 3.29443278e-10 9.50078070e-01 6.93805021e-07]
 [4.98892114e-15 3.58990926e-09 4.13664356e-13 1.00000000e+00]
 [1.74837769e-05 8.96421121e-13 3.59418254e-06 9.99978900e-01]
 [5.15227839e-05 8.16734508e-04 1.92582331e-04 9.98939216e-01]
 [1.77045786e-05 1.21862546e-03 1.66695791e-05 9.98746991e-01]
 [1.55158468e-05 1.29555714e-16 4.70376203e-11 9.99984503e-01]
 [4.93667831e-05 9.92848635e-01 2.71439133e-03 4.38758777e-03]
 [9.99300599e-01 4.04326045e-07 6.81831676e-04 1.71333450e-05]
 [6.43376785e-04 9.99210358e-01 8.29416604e-06 1.37950978e-04]
 [9.72524941e-01 1.21509331e-07 2.74725854e-02 2.39798328e-06]
 [2.68627196e-06 9.99996305e-01 9.88049010e-07 2.05620157e-21]
 [1.10489336e-05 7.37624359e-05 9.99915004e-01 6.17857410e-08]
 [1.00745115e-11 5.05129055e-12 5.56924551e-09 1.00000000e+00]
 [2.22306559e-03 5.32261841e-03 9.92404759e-01 4.96079083e-05]
 [4.60127723e-08 9.99999404e-01 5.83690564e-07 2.59306834e-08]
 [2.56585972e-05 1.43992588e-01 8.55978668e-01 3.07827258e-06]
 [3.40854609e-03 6.79334471e-06 9.96584535e-01 8.67555556e-08]
 [1.14414916e-05 9.99984980e-01 3.57652698e-06 4.01356476e-10]
 [9.99995589e-01 2.93117447e-10 2.02082163e-07 4.17762521e-06]
 [9.99987364e-01 3.42526597e-11 1.23694972e-05 2.26780486e-07]
 [3.64041261e-05 3.14360082e-01 3.07472568e-04 6.85296118e-01]
 [9.98561680e-01 5.19838920e-07 1.41062576e-03 2.73149599e-05]
 [3.00722959e-18 2.99515594e-15 4.84841320e-15 1.00000000e+00]
 [2.43208017e-02 2.80470980e-09 9.75655735e-01 2.34462350e-05]
 [2.27845667e-04 9.98848319e-01 9.23566055e-04 2.70525533e-07]
 [5.33307157e-03 1.98560697e-03 9.92450476e-01 2.30808408e-04]
 [3.88226092e-01 2.05753444e-04 6.11567378e-01 7.77700393e-07]
 [2.95740142e-02 1.38762623e-01 8.31603646e-01 5.97272046e-05]
 [9.99993920e-01 5.88873048e-11 5.33200591e-06 7.12298174e-07]
 [4.39996086e-12 7.56946068e-12 3.48649755e-11 1.00000000e+00]
 [9.99995232e-01 2.92936004e-08 4.80424478e-06 5.27207097e-11]
 [5.02328447e-04 9.98657107e-01 8.40103428e-04 3.15943652e-07]
 [3.58961802e-06 1.23526253e-01 2.27641522e-05 8.76447439e-01]
 [3.14869112e-07 4.38398178e-13 3.20699414e-08 9.99999642e-01]
 [9.99892354e-01 4.61358676e-16 6.48168950e-08 1.07486499e-04]
 [1.61423832e-02 1.75415494e-06 9.83855844e-01 3.05019334e-08]
 [1.45621657e-01 4.05617710e-03 2.08983966e-03 8.48232329e-01]
 [2.76730186e-03 9.88618374e-01 1.60809814e-05 8.59825127e-03]
 [1.63120225e-01 3.48496661e-02 8.01541984e-01 4.88152116e-04]
 [3.69348489e-02 9.49522972e-01 1.35379415e-02 4.14641590e-06]
 [2.24796012e-01 3.63211222e-02 3.55786048e-02 7.03304231e-01]
 [1.19846629e-03 9.96990561e-01 1.81089132e-03 2.72710849e-08]
 [5.48936252e-04 9.99240279e-01 2.10859158e-04 4.69259831e-09]
 [4.08438217e-09 9.25090191e-13 7.62444774e-09 1.00000000e+00]
 [9.99739945e-01 2.94339060e-08 2.57301173e-04 2.77150139e-06]
 [9.97136116e-01 1.92478658e-10 2.86331517e-03 6.50879031e-07]
 [1.07885709e-04 9.99806821e-01 8.52246521e-05 1.19801228e-07]
 [1.57327040e-10 9.99990821e-01 9.12010091e-06 9.64495683e-09]
 [9.82873216e-02 1.18380703e-05 9.01695251e-01 5.59295404e-06]
 [1.91669940e-07 1.90886583e-15 9.99944806e-01 5.49728102e-05]
 [1.03188991e-04 3.63957416e-03 9.96257186e-01 6.26607710e-10]
 [9.78930075e-08 9.99998331e-01 1.49189816e-06 4.43836399e-08]
 [2.94972546e-10 9.99989152e-01 1.09066459e-05 2.68504212e-11]
 [2.67117649e-01 5.21574449e-03 7.27488816e-01 1.77818714e-04]
 [5.55284278e-05 9.99876976e-01 6.73971372e-05 1.39990192e-07]
 [8.98614137e-13 6.83935797e-10 2.69698042e-10 1.00000000e+00]
 [9.97905850e-01 3.58263605e-06 2.05749273e-03 3.30714465e-05]]
[309, 188, 370, 145, 14, 112, 116, 318, 224, 2, 260, 31, 350, 109, 365, 205, 250, 155, 238, 235, 67, 295, 187, 230, 366, 395, 362, 282, 396, 255, 231, 30, 110, 40, 211, 10, 217, 364, 313, 207, 232, 237, 164, 153, 35, 32, 242, 96, 397, 88, 212, 111, 315, 171, 229, 97, 6, 355, 321, 391, 210, 20, 277, 135, 291, 354, 284, 3, 196, 241, 69, 62, 25, 368, 89, 99, 58, 184, 307, 269]
[[3 1 3 1 0 1 1 3 2 0 2 0 3 1 3 2 2 1 2 2 0 2 1 2 3 3 3 2 3 2 2 0 1 0 2 0
  2 3 3 2 2 2 1 1 0 0 2 0 3 0 2 1 3 1 2 0 0 3 3 3 2 0 2 1 2 3 2 0 1 2 0 0
  0 3 0 0 0 1 3 2]]
Test loss:2.115442895889282Test accuracy:0.7
[[5.97065529e-13 3.96350487e-11 1.46833726e-11 1.00000000e+00]
 [1.15888952e-07 9.99999166e-01 7.41133874e-07 1.20828925e-09]
 [2.74931526e-08 1.34268551e-11 3.24277579e-07 9.99999642e-01]
 [1.74855061e-10 9.99994516e-01 5.43071110e-06 1.38575776e-10]
 [4.59278127e-08 9.99965191e-01 6.37344237e-06 2.85120495e-05]
 [2.41102222e-10 9.99791682e-01 2.08294980e-04 1.35291056e-09]
 [2.44408682e-07 9.99997497e-01 2.15636965e-06 1.35694322e-07]
 [9.99984026e-01 1.48151169e-09 1.60160907e-05 7.20279435e-12]
 [4.77510765e-02 1.72372367e-07 9.52248216e-01 5.94086373e-07]
 [9.99545038e-01 1.81466461e-07 1.76569865e-05 4.37105278e-04]
 [7.55851567e-01 1.96307301e-05 2.44123131e-01 5.71599639e-06]
 [9.99976754e-01 6.66308568e-16 2.32434904e-05 1.51788609e-10]
 [7.55587676e-11 3.18825573e-14 1.19436516e-10 1.00000000e+00]
 [2.76132300e-02 2.10245140e-03 9.70208526e-01 7.58212191e-05]
 [2.80578667e-03 4.94245379e-19 3.28834746e-12 9.97194171e-01]
 [1.90572678e-08 9.99973893e-01 2.61280511e-05 8.97040553e-10]
 [3.18916254e-02 4.53788191e-02 9.22717273e-01 1.23736008e-05]
 [1.80713153e-06 9.89002466e-01 1.09957559e-02 9.95444178e-13]
 [2.61295661e-02 5.87776640e-07 9.73869026e-01 8.65431275e-07]
 [6.31314542e-05 1.41913560e-03 9.98517692e-01 2.66452176e-08]
 [9.99374330e-01 1.48687118e-09 6.24676817e-04 1.06518348e-06]
 [1.30033880e-01 2.40306500e-02 8.45525920e-01 4.09543747e-04]
 [1.18297867e-04 9.99414802e-01 4.66787460e-04 1.04377236e-07]
 [6.19350350e-04 8.72158885e-01 1.27202094e-01 1.96202873e-05]
 [9.99984026e-01 1.48151169e-09 1.60160907e-05 7.20279435e-12]
 [8.80990386e-01 3.86830106e-05 9.03440341e-02 2.86270082e-02]
 [3.68785800e-06 2.49727345e-05 9.98808503e-01 1.16285554e-03]
 [6.85026171e-05 9.99875784e-01 5.57088097e-05 6.29358301e-19]
 [8.64375949e-01 2.35050466e-04 1.31017983e-01 4.37106937e-03]
 [4.56105848e-11 2.96626872e-14 9.99997377e-01 2.61199057e-06]
 [1.22330955e-03 8.60863603e-11 9.98776734e-01 4.85131624e-09]
 [9.99999285e-01 4.26091386e-14 6.65761320e-07 3.92944344e-10]
 [4.96290752e-11 1.00000000e+00 4.99700512e-08 5.17470418e-14]
 [6.03203773e-01 3.93876523e-01 1.18029770e-03 1.73947215e-03]
 [5.99955558e-04 7.92511673e-06 9.99392152e-01 8.01370703e-09]
 [9.99124110e-01 4.91763728e-07 2.52401969e-06 8.72895354e-04]
 [9.97669637e-01 2.31520436e-03 1.98931866e-06 1.30857397e-05]
 [1.27109868e-11 6.12755628e-18 6.01306449e-10 1.00000000e+00]
 [5.17876215e-14 4.24192962e-16 5.88323715e-13 1.00000000e+00]
 [5.31425215e-02 8.87303650e-01 5.95212393e-02 3.25705550e-05]
 [1.01641389e-02 5.03678203e-01 4.85892713e-01 2.64954520e-04]
 [5.18811110e-04 2.15604110e-03 9.97317493e-01 7.55794599e-06]
 [3.28403083e-04 9.99554813e-01 1.16763091e-04 1.74643644e-09]
 [6.34477064e-02 1.95366144e-01 5.66448085e-02 6.84541285e-01]
 [9.82718706e-01 1.81116024e-03 1.44385891e-02 1.03150553e-03]
 [9.28232610e-01 1.87070759e-09 7.17645884e-02 2.82127189e-06]
 [1.56436101e-01 8.20296645e-01 2.23796573e-02 8.87617585e-04]
 [2.14309446e-04 5.54230949e-03 9.91088748e-01 3.15463776e-03]
 [2.37461572e-05 2.87319114e-03 6.97539144e-05 9.97033358e-01]
 [9.11291838e-01 2.36228079e-05 8.82281959e-02 4.56341659e-04]
 [6.53153635e-04 8.07093501e-01 1.92238569e-01 1.47184055e-05]
 [1.18767821e-06 9.99998689e-01 6.96185012e-08 3.77268746e-12]
 [1.71704926e-06 1.51420848e-10 2.21031684e-07 9.99998093e-01]
 [7.50672712e-07 9.99969244e-01 3.00905613e-05 8.35925287e-11]
 [4.00239462e-03 3.38864857e-06 9.95989382e-01 4.82077166e-06]
 [9.99976754e-01 6.66308568e-16 2.32434904e-05 1.51788609e-10]
 [1.00000000e+00 3.40338990e-14 2.09198348e-09 7.63561644e-11]
 [5.83473140e-15 3.03181009e-18 3.13119620e-14 1.00000000e+00]
 [1.72261785e-17 7.91471986e-25 3.96518148e-12 1.00000000e+00]
 [2.44550938e-06 2.57965041e-07 6.70682712e-05 9.99930263e-01]
 [8.68503824e-02 2.29182765e-01 6.83938026e-01 2.88569208e-05]
 [9.94202554e-01 5.03598528e-07 4.84233955e-03 9.54666000e-04]
 [1.06719946e-02 5.91304779e-01 3.98015976e-01 7.23865242e-06]
 [9.97296154e-01 2.08526012e-06 2.65658629e-04 2.43596639e-03]
 [9.73541081e-01 1.70771107e-02 9.37952660e-03 2.15326213e-06]
 [2.02930575e-10 1.00294037e-10 2.29766450e-09 1.00000000e+00]
 [1.58015988e-03 5.16860597e-02 9.46188807e-01 5.44981798e-04]
 [9.99924302e-01 3.41279654e-15 2.51403030e-11 7.56661975e-05]
 [5.43067872e-05 9.95328903e-01 4.58266027e-03 3.40114893e-05]
 [9.17305370e-05 6.78630352e-01 3.21229905e-01 4.80434937e-05]
 [9.99981761e-01 2.05611865e-08 1.39373014e-05 4.34503136e-06]
 [8.35329480e-03 2.92272478e-01 6.99292839e-01 8.13493170e-05]
 [6.75906777e-01 6.21899017e-06 3.24070513e-01 1.65086894e-05]
 [1.59140271e-07 1.43134338e-10 1.24837161e-05 9.99987364e-01]
 [7.70767093e-01 1.22675745e-04 2.27910027e-01 1.20028004e-03]
 [9.99998450e-01 1.05606433e-14 1.59692013e-06 2.76228840e-09]
 [1.30005757e-08 4.14221344e-04 9.99585807e-01 3.30353730e-11]
 [3.20889667e-05 9.99248683e-01 7.18664203e-04 5.61831882e-07]
 [1.38451227e-07 2.59422275e-11 5.45696714e-08 9.99999762e-01]
 [9.54542905e-02 1.71056545e-05 9.04517353e-01 1.12487151e-05]]
[382, 169, 313, 238, 360, 239, 369, 37, 234, 365, 136, 309, 364, 192, 190, 183, 217, 150, 248, 336, 357, 291, 375, 251, 230, 82, 373, 42, 86, 19, 395, 385, 102, 224, 156, 179, 85, 318, 228, 126, 226, 347, 119, 328, 109, 36, 15, 2, 125, 177, 376, 143, 253, 304, 51, 384, 207, 380, 334, 297, 275, 123, 77, 196, 283, 141, 56, 18, 381, 142, 315, 342, 81, 338, 95, 306, 245, 344, 145, 182]
[[3 1 3 2 3 2 3 0 2 3 1 3 3 1 1 1 2 1 2 3 3 2 3 2 2 0 3 0 0 0 3 3 1 2 1 1
  0 3 2 1 2 3 1 3 1 0 0 0 1 1 3 1 2 3 0 3 2 3 3 2 2 1 0 1 2 1 0 0 3 1 3 3
  0 3 0 3 2 3 1 1]]
Test loss:1.7095057249069214Test accuracy:0.8
[[9.42961321e-07 3.81134164e-08 1.53304325e-06 9.99997497e-01]
 [3.60810426e-09 9.98855472e-01 1.14449451e-03 3.55517005e-12]
 [3.81603811e-18 3.53999322e-17 4.53294182e-16 1.00000000e+00]
 [1.59763859e-03 1.15166383e-08 9.98402297e-01 8.34325053e-09]
 [1.77475173e-10 1.68730151e-11 6.48249543e-09 1.00000000e+00]
 [2.04461545e-10 2.35455504e-04 9.99764502e-01 3.60559440e-08]
 [2.30501122e-11 2.61233737e-08 7.14607722e-06 9.99992847e-01]
 [2.71626437e-08 2.24582834e-07 9.99999762e-01 2.83403248e-14]
 [8.11741780e-03 2.09919148e-04 9.91644681e-01 2.80413697e-05]
 [1.80474459e-03 4.90768309e-17 6.63869350e-12 9.98195231e-01]
 [2.11585171e-13 1.00000000e+00 4.16380153e-10 1.05133513e-10]
 [1.06891789e-22 2.81257006e-13 2.86212036e-16 1.00000000e+00]
 [1.54735409e-11 1.69955255e-15 1.83912918e-09 1.00000000e+00]
 [6.75718093e-06 9.80478346e-01 1.95148494e-02 3.24863016e-08]
 [4.39855898e-16 1.00000000e+00 7.93878574e-11 1.53097038e-18]
 [6.51582013e-06 9.24199939e-01 7.57933110e-02 1.85800147e-07]
 [9.99929070e-01 2.31964850e-10 9.57768531e-10 7.09802043e-05]
 [2.99503200e-11 9.91399288e-01 8.60071089e-03 1.53778442e-14]
 [4.24399016e-10 9.47533094e-11 1.00000000e+00 2.81782552e-14]
 [3.44402072e-14 9.99857068e-01 1.42914258e-04 1.63861591e-09]
 [2.70093271e-11 1.10361210e-12 7.84122822e-10 1.00000000e+00]
 [8.10947359e-01 4.52975091e-03 1.84456900e-01 6.59447687e-05]
 [5.65410261e-08 3.52969769e-13 2.71314242e-08 9.99999881e-01]
 [1.27054227e-03 9.06331366e-09 9.98729169e-01 2.70955155e-07]
 [2.02741881e-04 2.33993283e-03 9.97457325e-01 6.21697493e-09]
 [1.00000000e+00 2.30829047e-20 5.70309121e-12 2.01839012e-09]
 [1.72976683e-12 2.72091418e-17 9.38753186e-10 1.00000000e+00]
 [9.97568190e-01 2.69939687e-06 2.28534709e-03 1.43676094e-04]
 [6.39459415e-07 9.99910474e-01 8.89419316e-05 5.62748875e-11]
 [9.99454439e-01 3.36987864e-06 5.40060340e-04 2.10397684e-06]
 [4.73549254e-02 3.60235426e-05 5.77782057e-02 8.94830883e-01]
 [3.97872065e-19 5.78964804e-18 2.69053334e-13 1.00000000e+00]
 [3.03321121e-05 9.98167276e-01 1.80231791e-03 4.56003069e-10]
 [7.17448592e-01 2.07711484e-08 2.82547057e-01 4.27324903e-06]
 [2.21545508e-11 9.99999881e-01 1.21111427e-07 3.51991715e-16]
 [5.28590249e-07 9.47995543e-01 5.20039089e-02 8.48407389e-09]
 [9.98615026e-01 2.48970036e-06 1.31272210e-03 6.97231299e-05]
 [3.61050217e-04 2.91844660e-10 4.28139349e-04 9.99210835e-01]
 [4.35576396e-04 1.53433204e-01 8.46128523e-01 2.69452494e-06]
 [1.70091458e-11 9.99999881e-01 9.34008568e-08 2.04406097e-16]
 [1.46917375e-06 3.35633937e-10 9.99998569e-01 1.63164905e-13]
 [8.50536168e-01 5.06622200e-06 3.99755983e-04 1.49058938e-01]
 [1.31485984e-04 9.98203874e-01 1.66464120e-03 1.11619380e-09]
 [3.28672378e-08 7.38139069e-15 3.57490308e-07 9.99999642e-01]
 [9.15660465e-04 1.29904819e-03 9.97782767e-01 2.50418725e-06]
 [5.42765019e-06 7.77510228e-04 7.80110992e-03 9.91415918e-01]
 [7.96263069e-02 4.60685464e-04 9.19901252e-01 1.16962010e-05]
 [9.99078751e-01 3.53029672e-09 1.04739238e-05 9.10779578e-04]
 [9.78905401e-09 9.99998450e-01 1.60874367e-06 1.08011600e-08]
 [3.19141487e-04 8.25516164e-01 4.98028956e-02 1.24361716e-01]
 [2.84763502e-09 4.28596872e-12 1.45084869e-07 9.99999881e-01]
 [3.84016994e-06 9.98848319e-01 1.14786671e-03 5.48883050e-10]
 [1.89481745e-14 1.04451418e-16 7.00077080e-11 1.00000000e+00]
 [9.86213492e-25 3.36031138e-20 5.49884546e-19 1.00000000e+00]
 [8.11741780e-03 2.09919148e-04 9.91644681e-01 2.80413697e-05]
 [4.22185303e-06 1.01601554e-05 1.98400066e-05 9.99965787e-01]
 [5.12827910e-06 9.53500688e-01 4.64942455e-02 1.26655242e-09]
 [8.31435557e-07 6.92443862e-08 1.19917149e-05 9.99987125e-01]
 [1.57951802e-01 1.29549651e-08 4.27984645e-07 8.42047811e-01]
 [8.14045791e-08 2.42781453e-03 9.97572124e-01 1.86790416e-13]
 [1.43433272e-05 1.53707787e-01 8.46277833e-01 1.26792752e-11]
 [2.85441871e-04 9.95602846e-01 4.11108974e-03 6.10159475e-07]
 [9.19472516e-01 5.25854004e-04 7.97700658e-02 2.31536367e-04]
 [4.36568598e-07 9.99633074e-01 3.66490509e-04 1.74537842e-08]
 [1.64207066e-07 1.47107394e-05 9.99985099e-01 1.29521968e-12]
 [1.81624529e-08 9.85323429e-01 1.28860148e-02 1.79051061e-03]
 [9.75821435e-01 4.97870606e-05 2.41149068e-02 1.38822579e-05]
 [9.75552142e-01 2.21799892e-05 2.42853351e-02 1.40369928e-04]
 [6.57764078e-12 2.92203002e-12 9.29420638e-11 1.00000000e+00]
 [5.54882068e-14 1.00000000e+00 2.31704933e-10 2.73059748e-15]
 [2.23269103e-06 1.02093530e-07 1.73656354e-05 9.99980330e-01]
 [4.75661419e-02 1.21167778e-08 2.62387446e-04 9.52171504e-01]
 [9.43795919e-01 1.95687744e-06 5.61661795e-02 3.60093945e-05]
 [2.90649571e-09 1.10292457e-01 1.06603000e-02 8.79047215e-01]
 [2.02693506e-08 1.73465572e-02 9.82653439e-01 6.28488442e-11]
 [1.85178383e-16 1.00110653e-12 1.14463701e-12 1.00000000e+00]
 [3.36143136e-01 1.67239467e-08 6.63856268e-01 5.73720740e-07]
 [2.71153135e-06 1.20968951e-04 8.87914896e-01 1.11961469e-01]
 [1.39201899e-12 9.99901175e-01 9.88369648e-05 9.19408253e-14]
 [1.86402394e-05 2.06647888e-02 9.79316533e-01 1.81335480e-12]]
[384, 382, 19, 356, 184, 163, 46, 94, 202, 26, 16, 87, 229, 296, 353, 95, 238, 363, 180, 28, 335, 203, 73, 326, 252, 75, 90, 219, 45, 23, 55, 171, 390, 347, 213, 328, 346, 264, 93, 49, 389, 177, 250, 150, 361, 162, 254, 24, 359, 97, 58, 329, 101, 147, 157, 277, 25, 233, 186, 47, 4, 247, 281, 270, 397, 218, 126, 140, 145, 378, 124, 256, 263, 114, 88, 59, 127, 82, 260, 142]
[[3 3 0 3 1 1 0 0 2 0 0 0 2 2 3 0 2 3 1 0 3 2 0 3 2 0 0 2 0 0 0 1 3 3 2 3
  3 2 0 0 3 1 2 1 3 1 2 0 3 0 0 3 1 1 1 2 0 2 1 0 0 2 2 2 3 2 1 1 1 3 1 2
  2 1 0 0 1 0 2 1]]
Test loss:1.8152560334187Test accuracy:0.825
[[1.46687544e-05 6.00492422e-06 6.67440645e-06 9.99972701e-01]
 [2.38090706e-06 8.37267535e-08 2.83756731e-06 9.99994755e-01]
 [9.75316465e-01 2.70265999e-04 2.43386533e-02 7.45490324e-05]
 [6.28498230e-13 9.51713300e-05 4.53505818e-05 9.99859452e-01]
 [4.34127898e-04 9.81528282e-01 1.80370919e-02 4.18901124e-07]
 [7.13343106e-05 9.99916792e-01 1.12537191e-05 7.28778275e-07]
 [9.73353982e-01 1.42261619e-04 2.53822673e-02 1.12148270e-03]
 [1.49138568e-08 1.00000000e+00 5.25963381e-14 4.01720992e-21]
 [3.05403024e-01 3.00735992e-05 6.94544077e-01 2.28605077e-05]
 [9.82055366e-01 1.33458150e-06 1.78919341e-02 5.14344028e-05]
 [9.99998450e-01 5.57381741e-09 1.25631038e-06 1.86535416e-07]
 [9.91426587e-01 4.02828919e-05 8.50012712e-03 3.29201685e-05]
 [3.05403024e-01 3.00735992e-05 6.94544077e-01 2.28605077e-05]
 [4.15826449e-04 9.99567568e-01 1.24606850e-05 4.06920026e-06]
 [4.14312855e-12 4.02676031e-10 4.00354028e-10 1.00000000e+00]
 [3.40646302e-08 3.50560993e-02 9.64943826e-01 3.43867868e-08]
 [2.26535322e-03 1.00119678e-06 9.97733235e-01 3.05313137e-07]
 [5.98510916e-18 8.56435410e-17 2.95351622e-15 1.00000000e+00]
 [6.21372685e-02 9.36533034e-01 1.20510429e-03 1.24621394e-04]
 [4.40489769e-01 2.48844316e-03 3.84814441e-01 1.72207311e-01]
 [6.28498230e-13 9.51713300e-05 4.53505818e-05 9.99859452e-01]
 [7.14607040e-07 9.99943852e-01 5.51880730e-05 2.71849274e-07]
 [1.39354899e-11 4.00902617e-10 9.99999762e-01 2.75144714e-07]
 [2.31644559e-16 3.59421687e-10 4.42572640e-15 1.00000000e+00]
 [1.25150600e-05 1.77324474e-01 8.13077331e-01 9.58569720e-03]
 [9.97543633e-01 4.70282686e-07 2.15414353e-03 3.01669032e-04]
 [9.97318447e-01 6.44859142e-07 1.41282112e-03 1.26817054e-03]
 [7.81748000e-08 5.51318049e-01 8.02492286e-06 4.48673844e-01]
 [9.97541785e-01 4.81193661e-11 5.17370211e-07 2.45771371e-03]
 [1.70304909e-01 8.29690754e-01 4.38693723e-06 4.41847376e-08]
 [1.00000000e+00 3.33807659e-15 3.11734904e-13 3.58369866e-12]
 [5.60522449e-06 9.99854803e-01 1.39593089e-04 2.44200016e-09]
 [1.62615308e-08 8.90228447e-11 7.57194485e-08 9.99999881e-01]
 [1.77449420e-01 3.42506755e-05 3.42863786e-04 8.22173476e-01]
 [9.78696517e-06 6.94824621e-07 9.99989510e-01 1.16071937e-10]
 [1.67077268e-08 2.65214825e-12 9.85236710e-08 9.99999881e-01]
 [7.40890251e-03 3.18984462e-06 1.21820944e-04 9.92466092e-01]
 [4.71273810e-03 2.77727307e-03 9.92505729e-01 4.25257986e-06]
 [9.98274565e-01 5.54783910e-04 7.29976804e-04 4.40631586e-04]
 [9.99478042e-01 2.62185931e-04 2.59343506e-04 3.41610217e-07]
 [2.66900826e-18 2.76185935e-10 6.13851944e-21 1.00000000e+00]
 [2.00161408e-03 9.53282535e-01 8.87991115e-03 3.58358212e-02]
 [9.97865922e-04 1.70377977e-02 9.81963754e-01 5.40914243e-07]
 [2.03324944e-07 9.99344289e-01 6.55495620e-04 1.08386244e-10]
 [9.79672876e-09 2.14193415e-06 2.25443855e-05 9.99975324e-01]
 [5.34180072e-06 9.99529123e-01 4.65558172e-04 3.54717061e-10]
 [7.26462483e-01 6.08751662e-02 4.65885714e-05 2.12615773e-01]
 [9.82575417e-01 1.26322516e-06 1.73715353e-02 5.17811895e-05]
 [5.51417679e-06 2.47823517e-09 7.45060947e-03 9.92543936e-01]
 [9.99982476e-01 1.17981119e-13 1.75228670e-05 6.57179797e-11]
 [1.93593237e-07 3.95218649e-06 9.99995828e-01 2.01703834e-13]
 [1.50023336e-08 4.49284983e-08 1.51785116e-06 9.99998450e-01]
 [1.10098208e-09 1.44433486e-03 9.98555720e-01 1.70044778e-08]
 [2.28214514e-08 9.99978065e-01 2.19509984e-05 3.07543574e-11]
 [2.43346440e-04 2.06489000e-03 9.97688532e-01 3.23059021e-06]
 [1.52464805e-03 3.82019207e-04 9.98093307e-01 4.11555803e-08]
 [2.88038352e-03 1.50679974e-04 9.96950746e-01 1.82016393e-05]
 [2.88022584e-08 8.38836495e-05 9.99916077e-01 2.16646145e-13]
 [4.13615817e-06 9.92772758e-01 7.20958924e-03 1.35367300e-05]
 [1.84923857e-01 4.66201244e-11 1.41785349e-04 8.14934313e-01]
 [9.99562919e-01 7.64609209e-11 1.00721742e-09 4.37039969e-04]
 [4.18967307e-02 9.46596861e-02 8.61692309e-01 1.75126689e-03]
 [1.09963505e-09 9.99998927e-01 1.02797355e-06 1.15563876e-13]
 [8.53324309e-02 4.24060002e-02 6.94113910e-01 1.78147733e-01]
 [4.06010840e-05 1.06217252e-04 2.34164963e-05 9.99829769e-01]
 [2.65505914e-05 1.40229849e-05 9.99959469e-01 2.10578069e-10]
 [2.43525555e-09 9.99997854e-01 2.12376312e-06 2.16036634e-13]
 [8.86735165e-08 9.99999523e-01 3.80738811e-07 1.16096235e-08]
 [1.68156831e-08 9.99799073e-01 2.00948227e-04 7.48516943e-11]
 [1.88951415e-12 4.09309114e-10 4.80505469e-10 1.00000000e+00]
 [3.74688127e-04 9.87362981e-01 1.22600244e-02 2.39714518e-06]
 [3.67600587e-04 2.54410412e-03 9.97088373e-01 4.03763316e-08]
 [4.01997158e-06 9.67267688e-09 9.99995828e-01 8.79376572e-08]
 [3.02698929e-04 9.96677995e-01 3.01776407e-03 1.54494398e-06]
 [9.95029926e-01 4.19840435e-05 4.87333629e-03 5.47137242e-05]
 [9.99993920e-01 2.67414197e-08 6.06011417e-06 7.68378583e-10]
 [1.89225539e-05 9.99290109e-01 6.90958579e-04 4.07235401e-09]
 [9.99999881e-01 4.82969187e-16 1.22486232e-09 9.29583237e-08]
 [1.91652868e-03 1.13000060e-04 9.97969925e-01 5.34255719e-07]
 [1.03982484e-06 9.99998569e-01 2.99692971e-07 1.76892474e-08]]
[253, 196, 171, 180, 343, 303, 237, 216, 361, 20, 355, 129, 89, 67, 288, 50, 222, 56, 4, 210, 30, 194, 5, 374, 117, 80, 75, 82, 2, 46, 162, 156, 176, 3, 381, 264, 10, 174, 79, 122, 168, 371, 382, 318, 375, 296, 160, 141, 255, 324, 133, 139, 223, 367, 131, 111, 130, 72, 94, 259, 331, 84, 328, 64, 266, 212, 217, 151, 232, 234, 148, 285, 392, 238, 352, 93, 11, 320, 146, 233]
[[2 1 1 1 3 3 2 2 3 0 3 1 0 0 2 0 2 0 0 2 0 1 0 3 1 0 0 0 0 0 1 1 1 0 3 2
  0 1 0 1 1 3 3 3 3 2 1 1 2 3 1 1 2 3 1 1 1 0 0 2 3 0 3 0 2 2 2 1 2 2 1 2
  3 2 3 0 0 3 1 2]]
Test loss:0.8011700630187988Test accuracy:0.875
[[1.14651566e-09 7.42473480e-17 7.97010027e-11 1.00000000e+00]
 [4.79422743e-05 9.71008539e-01 2.89351065e-02 8.42195459e-06]
 [1.48282415e-04 9.99576747e-01 2.75029772e-04 3.19900444e-08]
 [9.47672799e-02 8.95831645e-01 8.47203564e-03 9.28936293e-04]
 [2.69711677e-06 7.67982122e-09 4.97016183e-04 9.99500275e-01]
 [4.09072360e-15 1.64449787e-14 2.53693551e-13 1.00000000e+00]
 [1.31343011e-04 3.52238421e-04 9.99511957e-01 4.43748786e-06]
 [9.99968886e-01 3.76749028e-07 3.07982846e-05 4.00221306e-12]
 [3.94175186e-06 1.65346921e-06 2.54172395e-04 9.99740183e-01]
 [9.90632415e-01 2.19397709e-08 3.77627369e-03 5.59136458e-03]
 [4.58511481e-16 2.71546008e-17 1.72160135e-15 1.00000000e+00]
 [2.20110619e-09 9.95599389e-01 4.40054107e-03 4.51499168e-12]
 [9.83202279e-01 9.38063022e-06 1.25879040e-02 4.20049438e-03]
 [9.95907545e-01 1.07637046e-08 4.08612657e-03 6.29527131e-06]
 [1.20774005e-03 9.43715334e-01 5.50626516e-02 1.42802901e-05]
 [9.87796843e-01 5.20679774e-03 4.61692177e-03 2.37946329e-03]
 [1.12146510e-04 1.37674192e-03 9.98511136e-01 4.68401886e-08]
 [9.01666880e-01 4.21298528e-03 9.34304073e-02 6.89722772e-04]
 [9.97911394e-01 6.13735451e-11 4.42995713e-07 2.08811625e-03]
 [3.78005148e-04 1.38158619e-03 9.98240232e-01 1.45856092e-07]
 [9.99999523e-01 5.05456484e-12 5.10679058e-07 4.23453201e-08]
 [9.31794941e-03 9.72746611e-01 1.79337002e-02 1.60593197e-06]
 [9.99927402e-01 9.60407576e-08 7.09696615e-05 1.56821557e-06]
 [5.95101737e-05 3.21223001e-06 3.13100696e-01 6.86836600e-01]
 [3.57048179e-07 9.99980927e-01 1.87030382e-05 4.97174024e-10]
 [9.97233689e-01 3.04142787e-07 1.83125783e-03 9.34705487e-04]
 [9.95149791e-01 2.44157434e-07 4.40071011e-03 4.49241983e-04]
 [9.99833822e-01 4.05592224e-16 3.33850274e-11 1.66113678e-04]
 [9.94874537e-01 1.46304990e-06 9.55085779e-05 5.02855377e-03]
 [9.56878781e-01 1.78310103e-04 4.13469672e-02 1.59599073e-03]
 [1.94453751e-05 9.99447048e-01 5.33515646e-04 3.74983467e-09]
 [1.14491465e-08 9.99998212e-01 1.79152437e-06 8.20500005e-12]
 [5.56169289e-06 9.69213143e-04 9.99025226e-01 3.00492936e-10]
 [9.97119784e-01 1.80325199e-11 1.02426291e-07 2.88012181e-03]
 [6.94703572e-10 3.73795543e-11 2.78586321e-10 1.00000000e+00]
 [1.48262689e-03 1.00937057e-02 9.88418996e-01 4.77142657e-06]
 [9.99101520e-01 1.34825507e-06 1.05490662e-05 8.86545342e-04]
 [3.62392813e-01 2.03852162e-01 1.18829291e-02 4.21872109e-01]
 [9.99853730e-01 1.17792598e-09 1.70016374e-05 1.29177366e-04]
 [2.74555362e-03 9.35315907e-01 6.19309954e-02 7.56140844e-06]
 [8.46943049e-09 9.99998927e-01 1.12485861e-06 5.73376676e-12]
 [7.17869378e-04 1.53752907e-07 7.81445671e-03 9.91467476e-01]
 [1.34901370e-07 8.40747294e-09 3.44218520e-08 9.99999881e-01]
 [6.69403817e-04 2.54891717e-08 8.56506740e-05 9.99244928e-01]
 [4.32835989e-08 7.43940048e-11 1.04897664e-08 1.00000000e+00]
 [1.31819630e-04 9.96462762e-01 3.39413038e-03 1.12351963e-05]
 [6.60530714e-06 9.99909401e-01 8.40585490e-05 9.22502297e-10]
 [7.72416315e-05 9.99691725e-01 2.18774803e-04 1.23004802e-05]
 [3.31845573e-09 2.26625641e-12 9.99604523e-01 3.95493960e-04]
 [3.56733665e-09 8.50867804e-15 5.31527817e-08 1.00000000e+00]
 [1.48282415e-04 9.99576747e-01 2.75029772e-04 3.19900444e-08]
 [6.25223208e-07 9.99972463e-01 2.66739517e-05 2.08597939e-07]
 [3.34428250e-06 5.85895407e-07 9.99996066e-01 4.44205894e-10]
 [6.76631407e-06 2.64868875e-15 1.64709774e-11 9.99993205e-01]
 [7.01567978e-06 9.99903679e-01 8.92845710e-05 1.03961550e-09]
 [5.14966496e-06 9.99994874e-01 2.45226257e-08 2.01337939e-11]
 [2.61472218e-04 9.99705613e-01 3.13354467e-05 1.54068948e-06]
 [6.69201195e-01 2.07613833e-04 3.30574185e-01 1.70429721e-05]
 [2.17856750e-01 7.82143235e-01 6.93315805e-09 1.55882021e-17]
 [2.02408975e-11 4.35908774e-12 9.99978900e-01 2.11254137e-05]
 [3.81433961e-06 1.72853717e-07 1.96392762e-06 9.99994040e-01]
 [9.99463141e-01 3.24051683e-07 5.04623109e-04 3.19713326e-05]
 [5.61789761e-08 1.43086701e-14 3.45844668e-08 9.99999881e-01]
 [9.66072917e-01 3.38125469e-13 6.09941182e-08 3.39269862e-02]
 [4.67531197e-02 3.59858662e-01 5.93299389e-01 8.88087088e-05]
 [5.52996826e-05 2.64966278e-03 9.97294843e-01 1.84727966e-07]
 [9.70324636e-01 7.97184370e-03 1.02432514e-05 2.16932427e-02]
 [2.77011958e-03 4.53249700e-02 9.51711714e-01 1.93172324e-04]
 [9.78662283e-04 1.38954436e-02 9.85113740e-01 1.21538433e-05]
 [1.89581886e-01 6.76870055e-04 8.09235275e-01 5.06020966e-04]
 [2.42313013e-06 9.83226955e-01 1.67705882e-02 1.09718670e-08]
 [4.50917526e-07 4.91684432e-07 9.99999046e-01 1.19564905e-11]
 [1.03761941e-17 1.32375652e-19 1.30521946e-18 1.00000000e+00]
 [2.97539122e-03 1.36236974e-06 9.97023046e-01 1.86549713e-07]
 [6.85155968e-08 1.19884591e-09 7.27822993e-08 9.99999881e-01]
 [9.95518029e-01 1.63150602e-03 2.11085356e-03 7.39625888e-04]
 [9.95574474e-01 2.44301113e-08 2.18089146e-04 4.20739828e-03]
 [4.85438035e-12 3.41089731e-06 2.73382682e-07 9.99996305e-01]
 [1.91121639e-04 1.00471281e-01 8.99336874e-01 7.32690467e-07]
 [6.86857078e-08 1.69591676e-05 9.99982953e-01 4.89897836e-13]]
[378, 202, 229, 159, 35, 311, 397, 193, 372, 30, 206, 63, 36, 73, 43, 359, 338, 12, 345, 52, 86, 134, 260, 313, 182, 363, 389, 233, 183, 92, 344, 319, 258, 219, 164, 7, 135, 102, 93, 307, 136, 291, 90, 220, 197, 54, 15, 263, 204, 306, 323, 373, 166, 235, 114, 298, 386, 108, 199, 69, 151, 285, 68, 315, 145, 213, 49, 341, 320, 57, 139, 335, 130, 267, 48, 67, 367, 44, 254, 152]
[[3 2 2 1 0 3 3 1 3 0 2 0 0 0 0 3 3 0 3 0 0 1 2 3 1 3 3 2 1 0 3 3 2 2 1 0
  1 1 0 3 1 2 0 2 1 0 0 2 2 3 3 3 1 2 1 2 3 1 1 0 1 2 0 3 1 2 0 3 3 0 1 3
  1 2 0 0 3 0 2 1]]
Test loss:1.0546287059783936Test accuracy:0.7375
[[5.50531398e-10 2.53938168e-08 4.45791848e-08 9.99999881e-01]
 [4.26575720e-01 2.24951928e-05 5.73377490e-01 2.43449613e-05]
 [4.26575720e-01 2.24951928e-05 5.73377490e-01 2.43449613e-05]
 [5.22973365e-04 7.67492354e-01 2.31974840e-01 9.79037941e-06]
 [9.13757563e-01 2.99012684e-03 7.98250884e-02 3.42726079e-03]
 [3.27994553e-06 2.47683957e-11 9.21818082e-06 9.99987483e-01]
 [1.93847391e-08 7.07765139e-06 1.60356467e-05 9.99976873e-01]
 [1.03825241e-01 2.98931569e-01 5.72097719e-01 2.51455102e-02]
 [1.72190720e-10 6.27489727e-11 3.65781998e-05 9.99963403e-01]
 [9.99997854e-01 1.62167382e-12 2.13786188e-06 2.06406536e-08]
 [9.41753089e-01 8.26854940e-09 5.80139123e-02 2.33107668e-04]
 [9.23789263e-01 2.45250226e-06 5.49669899e-02 2.12413315e-02]
 [8.63330625e-03 3.02689578e-02 1.47239845e-02 9.46373761e-01]
 [2.09572659e-06 6.50490634e-11 8.96271110e-01 1.03726774e-01]
 [1.70109302e-01 5.75608313e-01 1.65864885e-01 8.84174705e-02]
 [7.16334283e-01 2.06726290e-05 1.06311068e-01 1.77334011e-01]
 [1.03135946e-07 1.81863736e-02 1.43823412e-03 9.80375350e-01]
 [1.36658564e-01 1.05285257e-01 4.68698859e-01 2.89357364e-01]
 [7.52125197e-05 2.29209185e-09 2.60812249e-05 9.99898672e-01]
 [1.92458600e-01 4.84686416e-06 8.07535827e-01 6.71186342e-07]
 [5.40621132e-02 8.39739859e-01 1.04960352e-01 1.23769883e-03]
 [4.15394567e-07 9.98491883e-01 9.72129101e-07 1.50685245e-03]
 [7.30678113e-03 5.72296540e-06 9.92677450e-01 1.00930692e-05]
 [3.81814858e-11 1.89070579e-10 1.21875443e-09 1.00000000e+00]
 [2.79485551e-03 1.68097243e-02 9.80395019e-01 3.60501701e-07]
 [3.64343281e-16 6.32762495e-15 6.04310981e-13 1.00000000e+00]
 [7.95776783e-18 5.82561309e-15 1.35644670e-19 1.00000000e+00]
 [5.77288301e-06 6.01134743e-05 9.99934077e-01 2.04590910e-11]
 [4.15171189e-06 9.91956711e-01 8.02225061e-03 1.69497052e-05]
 [9.89721239e-01 1.97949885e-05 6.42379932e-03 3.83520941e-03]
 [4.58892639e-04 1.23341772e-06 1.04013056e-01 8.95526767e-01]
 [9.95988667e-01 4.65786871e-12 4.01091855e-03 3.97099058e-07]
 [2.52833934e-06 1.71080086e-04 5.56783698e-06 9.99820888e-01]
 [3.60449945e-07 1.75725058e-01 1.65471397e-02 8.07727456e-01]
 [1.62318946e-04 9.99476612e-01 3.59447964e-04 1.61874664e-06]
 [9.79873717e-01 1.15788898e-04 1.25509258e-02 7.45960232e-03]
 [7.11576715e-02 3.02631140e-01 1.63009956e-01 4.63201255e-01]
 [4.54576075e-05 9.87969160e-01 1.19852033e-02 2.88170611e-07]
 [9.72691476e-01 2.80837948e-03 2.05942877e-02 3.90578480e-03]
 [6.22215566e-07 1.99183994e-08 4.35828588e-06 9.99994993e-01]
 [3.57075442e-06 9.98397648e-01 1.39808417e-05 1.58482406e-03]
 [6.31776929e-01 2.20651940e-01 1.22761905e-01 2.48092227e-02]
 [9.84900832e-01 2.20272477e-06 9.05023981e-03 6.04669843e-03]
 [3.26215260e-04 1.03353213e-05 9.99663472e-01 1.74162054e-08]
 [2.26404950e-07 9.96221900e-01 3.77715519e-03 7.14667522e-07]
 [9.99999404e-01 6.06145620e-11 5.32405920e-07 9.00144315e-08]
 [8.73731077e-02 3.68838082e-03 9.05579448e-01 3.35906167e-03]
 [4.76213281e-05 8.66936261e-06 9.99939561e-01 4.21134337e-06]
 [2.36159483e-08 1.25873298e-10 9.99981523e-01 1.84274722e-05]
 [1.18544523e-11 1.01790354e-09 3.73869879e-10 1.00000000e+00]
 [5.12347499e-12 2.23434693e-09 2.63595266e-05 9.99973655e-01]
 [3.22454008e-10 7.24500890e-14 5.27009334e-08 1.00000000e+00]
 [6.62236446e-11 9.99999046e-01 1.20967325e-08 9.60258944e-07]
 [5.15711577e-07 1.07228352e-05 9.99988794e-01 9.18199128e-10]
 [1.27012740e-04 9.94615495e-01 5.22774644e-03 2.98152499e-05]
 [5.69783330e-01 2.95614712e-02 4.00245875e-01 4.09364206e-04]
 [3.30276800e-12 1.43474538e-10 8.56297977e-10 1.00000000e+00]
 [8.62156507e-03 8.19590211e-01 1.71706662e-01 8.15702151e-05]
 [2.34006322e-03 9.53471422e-01 4.39872965e-02 2.01163435e-04]
 [4.02988344e-01 4.23047004e-06 5.93117058e-01 3.89038888e-03]
 [1.20980674e-02 3.08334157e-02 9.55425024e-01 1.64353510e-03]
 [9.56557869e-06 1.12809839e-05 9.99979138e-01 3.08546753e-08]
 [9.99999762e-01 2.54650762e-11 6.13702511e-08 7.96752602e-08]
 [1.27317353e-05 1.74181650e-06 4.07929911e-05 9.99944687e-01]
 [1.22015487e-09 9.99733150e-01 2.66806310e-04 1.68113246e-09]
 [9.41645612e-06 4.38971853e-07 9.99990106e-01 3.13796933e-10]
 [9.97157812e-01 2.58345739e-03 2.58631422e-04 1.64923520e-07]
 [1.64002785e-03 2.78974586e-11 2.66159605e-05 9.98333395e-01]
 [7.99302508e-17 5.75780978e-05 1.21590092e-05 9.99930263e-01]
 [9.93078887e-01 1.05961021e-07 2.55163899e-03 4.36929893e-03]
 [3.91607415e-07 9.99845505e-01 1.51441083e-04 2.61164109e-06]
 [7.99302508e-17 5.75780978e-05 1.21590092e-05 9.99930263e-01]
 [5.55610401e-04 9.99127924e-01 2.45356961e-04 7.11240282e-05]
 [1.17453836e-01 5.64792812e-01 2.54127413e-01 6.36259466e-02]
 [9.99949574e-01 1.26916810e-09 4.61156706e-05 4.27038458e-06]
 [9.94468927e-01 1.07304321e-09 5.52975805e-03 1.26491182e-06]
 [1.72360381e-03 1.67845295e-12 8.69643024e-09 9.98276353e-01]
 [9.99845743e-01 5.92317122e-07 3.58520083e-06 1.50066699e-04]
 [8.59493732e-01 7.24974379e-05 5.28074019e-02 8.76263678e-02]
 [3.65091109e-05 9.97147024e-01 2.24028039e-03 5.76132967e-04]]
[352, 299, 325, 213, 190, 106, 235, 376, 65, 127, 277, 96, 52, 337, 185, 259, 71, 312, 158, 317, 272, 15, 382, 151, 324, 136, 157, 64, 241, 164, 329, 196, 318, 393, 320, 250, 399, 336, 19, 197, 180, 364, 389, 85, 144, 252, 229, 378, 348, 28, 394, 297, 313, 395, 67, 341, 222, 204, 114, 339, 174, 183, 212, 199, 171, 398, 155, 248, 246, 116, 35, 86, 397, 388, 371, 225, 391, 126, 118, 165]
[[3 2 3 2 1 1 2 3 0 1 2 0 0 3 1 2 0 3 1 3 2 0 3 1 3 1 1 0 2 1 3 1 3 3 3 2
  3 3 0 1 1 3 3 0 1 2 2 3 3 0 3 2 3 3 0 3 2 2 1 3 1 1 2 1 1 3 1 2 2 1 0 0
  3 3 3 2 3 1 1 1]]
Test loss:1.1332175254821777Test accuracy:0.8125
[[3.0327987e-05 1.0735037e-07 3.7443242e-05 9.9993217e-01]
 [9.9760455e-01 1.0328189e-05 2.3185546e-03 6.6654975e-05]
 [2.9391583e-11 1.2911562e-13 4.3004628e-12 1.0000000e+00]
 [2.2076554e-05 2.3874750e-07 9.9997771e-01 5.9798113e-09]
 [4.3023093e-08 1.0000000e+00 5.0404736e-08 3.2808273e-14]
 [9.0860516e-02 5.7925248e-01 3.2767674e-01 2.2102515e-03]
 [2.8113916e-06 6.4935281e-05 9.9993217e-01 7.5581426e-08]
 [1.2510091e-02 7.3555395e-07 8.5420299e-01 1.3328624e-01]
 [1.5374159e-02 1.2501647e-05 9.8453659e-01 7.6754644e-05]
 [1.9283255e-04 9.9862826e-01 1.1788601e-03 1.5074621e-08]
 [1.5825246e-03 2.6587385e-03 9.9575377e-01 5.0182816e-06]
 [2.0076460e-03 2.8987533e-01 7.0782465e-01 2.9242240e-04]
 [9.9510491e-01 1.3316087e-06 4.8938403e-03 5.8136735e-11]
 [9.5447284e-01 1.0786608e-02 6.4769378e-03 2.8263560e-02]
 [4.0324817e-06 9.9962878e-01 3.6713993e-04 2.4698219e-09]
 [1.8719792e-09 3.4866953e-12 1.0000000e+00 3.6171214e-12]
 [9.9443650e-01 1.8824379e-05 5.1370244e-03 4.0758107e-04]
 [2.1419488e-05 1.4035130e-08 4.4244462e-06 9.9997413e-01]
 [3.8265625e-07 9.9908292e-01 9.1669365e-04 4.4282619e-10]
 [4.5322834e-09 3.3187426e-13 4.1363601e-09 1.0000000e+00]
 [9.0867317e-01 5.1406393e-04 9.0625167e-02 1.8764973e-04]
 [8.2959607e-03 2.8959226e-03 9.8880261e-01 5.5120786e-06]
 [2.6273970e-08 8.4341865e-12 6.9961192e-09 1.0000000e+00]
 [5.6255814e-02 3.9264119e-01 5.5077153e-01 3.3147179e-04]
 [1.3973303e-09 7.3807943e-17 1.2662223e-08 1.0000000e+00]
 [8.6118011e-09 9.9999893e-01 1.0756265e-06 4.2499657e-09]
 [7.1287048e-03 1.0513406e-02 9.7700435e-01 5.3535313e-03]
 [9.9064165e-01 3.0747166e-13 4.9972928e-09 9.3582990e-03]
 [5.4948258e-01 4.5023546e-01 2.6645526e-04 1.5453070e-05]
 [5.9202622e-04 9.9876428e-01 6.4371823e-04 3.8682972e-09]
 [1.0119126e-08 3.5075423e-10 2.6029142e-07 9.9999976e-01]
 [4.5731231e-05 9.9439490e-01 5.5526691e-03 6.6295415e-06]
 [1.2381483e-03 7.9045657e-07 1.8944380e-05 9.9874216e-01]
 [2.2305584e-02 9.3780503e-09 5.3362399e-02 9.2433202e-01]
 [1.4842029e-11 6.7573601e-06 1.4793097e-05 9.9997842e-01]
 [1.2503060e-03 3.6442284e-02 9.6228898e-01 1.8504072e-05]
 [2.1175222e-06 1.1233698e-11 9.9999785e-01 4.6594502e-09]
 [3.0950312e-06 6.7912686e-01 3.2074296e-01 1.2707885e-04]
 [9.7783136e-01 1.9416939e-03 1.6926916e-02 3.3001476e-03]
 [4.2325810e-06 9.9932611e-01 6.6966953e-04 5.1027939e-08]
 [9.4487801e-02 8.9553261e-01 9.9308658e-03 4.8686845e-05]
 [6.5740316e-11 1.2074542e-16 5.0231668e-09 1.0000000e+00]
 [1.0934558e-13 5.1591359e-13 3.3471463e-09 1.0000000e+00]
 [9.9918145e-01 2.6450709e-05 7.2433351e-04 6.7720204e-05]
 [4.2247866e-05 9.9914587e-01 8.1048522e-04 1.3420007e-06]
 [1.0775567e-04 1.4979012e-01 6.4389104e-01 2.0621113e-01]
 [4.6506636e-03 2.4341393e-06 9.9534482e-01 1.9870467e-06]
 [1.4405943e-10 5.2002392e-11 1.0292920e-08 1.0000000e+00]
 [1.7242906e-08 6.6641854e-07 3.8869698e-07 9.9999893e-01]
 [5.1554984e-01 1.7596878e-03 3.8959751e-01 9.3092948e-02]
 [1.5985737e-02 6.2197010e-08 3.5321247e-02 9.4869298e-01]
 [3.3189757e-05 1.8006064e-04 9.9978679e-01 3.2286951e-14]
 [9.1889780e-14 1.2476847e-17 1.9341861e-12 1.0000000e+00]
 [2.9133567e-01 2.4955614e-06 6.1491742e-03 7.0251262e-01]
 [9.9976379e-01 2.6092404e-11 2.3567953e-04 5.5134785e-07]
 [1.6578230e-04 2.5418332e-14 1.1833099e-06 9.9983299e-01]
 [2.4919031e-04 4.6732877e-03 9.9507684e-01 7.0748081e-07]
 [1.4381724e-06 4.0043496e-11 9.9999857e-01 4.7491416e-13]
 [1.7284868e-04 9.9829775e-01 1.5166296e-03 1.2903853e-05]
 [1.7510856e-05 1.4134446e-02 1.5501993e-03 9.8429793e-01]
 [2.8899056e-03 9.9390513e-01 3.1575621e-03 4.7367808e-05]
 [4.7576873e-04 8.1147587e-01 1.8804157e-01 6.8708555e-06]
 [5.5730652e-05 2.2600847e-03 9.9768412e-01 1.7046959e-08]
 [1.6998446e-02 9.5424645e-02 8.8754004e-01 3.6846690e-05]
 [4.2337546e-05 9.9991357e-01 4.4070959e-05 1.3567704e-10]
 [6.7151472e-05 7.6470346e-13 7.3866868e-06 9.9992549e-01]
 [7.7811592e-07 9.9041104e-01 9.5881242e-03 3.3793864e-11]
 [1.4387659e-06 1.8710176e-07 9.9999833e-01 7.8562339e-09]
 [7.0573457e-02 4.6412083e-06 9.2942172e-01 2.5012679e-07]
 [6.7239657e-06 9.9990606e-01 8.7213848e-05 5.9758145e-09]
 [9.9313533e-01 9.7687356e-04 5.6672418e-03 2.2052335e-04]
 [2.8112158e-02 6.4038241e-01 3.3150521e-01 2.2289731e-07]
 [8.0732229e-07 3.2365595e-06 1.5202904e-06 9.9999440e-01]
 [9.8453218e-01 1.5070245e-02 3.9666312e-04 8.5764378e-07]
 [2.4133378e-06 1.9800391e-08 4.9306192e-02 9.5069140e-01]
 [2.0488808e-03 6.9041987e-04 9.9726057e-01 1.0170425e-07]
 [2.3839902e-06 2.9318662e-06 8.9216919e-04 9.9910259e-01]
 [7.6388154e-08 9.9999964e-01 2.2830642e-07 6.0540765e-14]
 [1.9064847e-09 9.9999809e-01 1.9151178e-06 2.5834345e-11]
 [3.7965725e-07 9.9998438e-01 1.5283178e-05 2.8291099e-08]]
train size:320 test size:80
test_loss_ave: 1.5129952321527527 test_acc_ave: 0.78625
"model.add(Conv2D(16, kernel_size=(5, 5), strides=(1, 1),
                 activation='relu',
                 input_shape=input_shape))
model.add(MaxPooling2D(pool_size=(2, 2), strides=(2, 2)))
model.add(Conv2D(64, (5, 5), activation='relu'))    model.add(MaxPooling2D(pool_size=(2, 2), strides=(2, 2)))
model.add(Conv2D(128, (5, 5), activation='relu'))
model.add(MaxPooling2D(pool_size=(2, 2)))          model.add(Conv2D(256, (5, 5), activation='relu'))
model.add(MaxPooling2D(pool_size=(2, 2)))
model.add(Flatten())
model.add(Dense(1000, activation='relu'))"	
[307, 247, 27, 101, 18, 219, 178, 237, 121, 380, 364, 242, 256, 351, 238, 220, 152, 188, 194, 88, 375, 330, 374, 399, 12, 258, 137, 240, 66, 361, 210, 41, 135, 299, 134, 141, 8, 29, 318, 339, 83, 355, 317, 9, 48, 95, 136, 359, 377, 87, 309, 312, 331, 72, 91, 150, 305, 15, 81, 221, 44, 257, 371, 263, 187, 193, 303, 232, 179, 14, 215, 36, 160, 334, 391, 189, 165, 293, 292, 298]
[[3 2 0 1 0 2 1 2 1 3 3 2 2 3 2 2 1 1 1 0 3 3 3 3 0 2 1 2 0 3 2 0 1 2 1 1
  0 0 3 3 0 3 3 0 0 0 1 3 3 0 3 3 3 0 0 1 3 0 0 2 0 2 3 2 1 1 3 2 1 0 2 0
  1 3 3 1 1 2 2 2]]
Test loss:11.48414306640625Test accuracy:0.2875
[[0.0000000e+00 0.0000000e+00 0.0000000e+00 1.0000000e+00]
 [0.0000000e+00 0.0000000e+00 0.0000000e+00 1.0000000e+00]
 [0.0000000e+00 0.0000000e+00 0.0000000e+00 1.0000000e+00]
 [0.0000000e+00 0.0000000e+00 0.0000000e+00 1.0000000e+00]
 [0.0000000e+00 0.0000000e+00 0.0000000e+00 1.0000000e+00]
 [0.0000000e+00 0.0000000e+00 0.0000000e+00 1.0000000e+00]
 [0.0000000e+00 0.0000000e+00 0.0000000e+00 1.0000000e+00]
 [0.0000000e+00 0.0000000e+00 0.0000000e+00 1.0000000e+00]
 [0.0000000e+00 0.0000000e+00 0.0000000e+00 1.0000000e+00]
 [0.0000000e+00 0.0000000e+00 0.0000000e+00 1.0000000e+00]
 [0.0000000e+00 0.0000000e+00 0.0000000e+00 1.0000000e+00]
 [0.0000000e+00 0.0000000e+00 0.0000000e+00 1.0000000e+00]
 [0.0000000e+00 0.0000000e+00 0.0000000e+00 1.0000000e+00]
 [0.0000000e+00 0.0000000e+00 0.0000000e+00 1.0000000e+00]
 [0.0000000e+00 0.0000000e+00 0.0000000e+00 1.0000000e+00]
 [0.0000000e+00 0.0000000e+00 0.0000000e+00 1.0000000e+00]
 [0.0000000e+00 0.0000000e+00 0.0000000e+00 1.0000000e+00]
 [0.0000000e+00 0.0000000e+00 0.0000000e+00 1.0000000e+00]
 [0.0000000e+00 0.0000000e+00 0.0000000e+00 1.0000000e+00]
 [0.0000000e+00 0.0000000e+00 0.0000000e+00 1.0000000e+00]
 [0.0000000e+00 0.0000000e+00 0.0000000e+00 1.0000000e+00]
 [0.0000000e+00 0.0000000e+00 0.0000000e+00 1.0000000e+00]
 [0.0000000e+00 0.0000000e+00 0.0000000e+00 1.0000000e+00]
 [0.0000000e+00 0.0000000e+00 0.0000000e+00 1.0000000e+00]
 [0.0000000e+00 0.0000000e+00 0.0000000e+00 1.0000000e+00]
 [0.0000000e+00 0.0000000e+00 0.0000000e+00 1.0000000e+00]
 [0.0000000e+00 0.0000000e+00 0.0000000e+00 1.0000000e+00]
 [0.0000000e+00 0.0000000e+00 0.0000000e+00 1.0000000e+00]
 [0.0000000e+00 0.0000000e+00 0.0000000e+00 1.0000000e+00]
 [0.0000000e+00 0.0000000e+00 0.0000000e+00 1.0000000e+00]
 [0.0000000e+00 0.0000000e+00 0.0000000e+00 1.0000000e+00]
 [0.0000000e+00 0.0000000e+00 0.0000000e+00 1.0000000e+00]
 [0.0000000e+00 0.0000000e+00 0.0000000e+00 1.0000000e+00]
 [0.0000000e+00 0.0000000e+00 0.0000000e+00 1.0000000e+00]
 [0.0000000e+00 0.0000000e+00 0.0000000e+00 1.0000000e+00]
 [0.0000000e+00 0.0000000e+00 0.0000000e+00 1.0000000e+00]
 [0.0000000e+00 0.0000000e+00 0.0000000e+00 1.0000000e+00]
 [0.0000000e+00 0.0000000e+00 0.0000000e+00 1.0000000e+00]
 [0.0000000e+00 0.0000000e+00 0.0000000e+00 1.0000000e+00]
 [0.0000000e+00 0.0000000e+00 0.0000000e+00 1.0000000e+00]
 [4.9946594e-35 0.0000000e+00 0.0000000e+00 1.0000000e+00]
 [0.0000000e+00 0.0000000e+00 0.0000000e+00 1.0000000e+00]
 [0.0000000e+00 0.0000000e+00 0.0000000e+00 1.0000000e+00]
 [0.0000000e+00 0.0000000e+00 0.0000000e+00 1.0000000e+00]
 [0.0000000e+00 0.0000000e+00 0.0000000e+00 1.0000000e+00]
 [0.0000000e+00 0.0000000e+00 0.0000000e+00 1.0000000e+00]
 [0.0000000e+00 0.0000000e+00 0.0000000e+00 1.0000000e+00]
 [0.0000000e+00 0.0000000e+00 0.0000000e+00 1.0000000e+00]
 [0.0000000e+00 0.0000000e+00 0.0000000e+00 1.0000000e+00]
 [0.0000000e+00 0.0000000e+00 0.0000000e+00 1.0000000e+00]
 [0.0000000e+00 0.0000000e+00 0.0000000e+00 1.0000000e+00]
 [0.0000000e+00 0.0000000e+00 0.0000000e+00 1.0000000e+00]
 [0.0000000e+00 0.0000000e+00 0.0000000e+00 1.0000000e+00]
 [0.0000000e+00 0.0000000e+00 0.0000000e+00 1.0000000e+00]
 [0.0000000e+00 0.0000000e+00 0.0000000e+00 1.0000000e+00]
 [0.0000000e+00 0.0000000e+00 0.0000000e+00 1.0000000e+00]
 [0.0000000e+00 0.0000000e+00 0.0000000e+00 1.0000000e+00]
 [0.0000000e+00 0.0000000e+00 0.0000000e+00 1.0000000e+00]
 [0.0000000e+00 0.0000000e+00 0.0000000e+00 1.0000000e+00]
 [0.0000000e+00 0.0000000e+00 0.0000000e+00 1.0000000e+00]
 [0.0000000e+00 0.0000000e+00 0.0000000e+00 1.0000000e+00]
 [0.0000000e+00 0.0000000e+00 0.0000000e+00 1.0000000e+00]
 [0.0000000e+00 0.0000000e+00 0.0000000e+00 1.0000000e+00]
 [0.0000000e+00 0.0000000e+00 0.0000000e+00 1.0000000e+00]
 [0.0000000e+00 0.0000000e+00 0.0000000e+00 1.0000000e+00]
 [4.7835697e-27 0.0000000e+00 6.7485158e-34 1.0000000e+00]
 [0.0000000e+00 0.0000000e+00 0.0000000e+00 1.0000000e+00]
 [0.0000000e+00 0.0000000e+00 0.0000000e+00 1.0000000e+00]
 [0.0000000e+00 0.0000000e+00 0.0000000e+00 1.0000000e+00]
 [0.0000000e+00 0.0000000e+00 0.0000000e+00 1.0000000e+00]
 [0.0000000e+00 0.0000000e+00 0.0000000e+00 1.0000000e+00]
 [0.0000000e+00 0.0000000e+00 0.0000000e+00 1.0000000e+00]
 [0.0000000e+00 0.0000000e+00 0.0000000e+00 1.0000000e+00]
 [0.0000000e+00 0.0000000e+00 0.0000000e+00 1.0000000e+00]
 [0.0000000e+00 0.0000000e+00 0.0000000e+00 1.0000000e+00]
 [0.0000000e+00 0.0000000e+00 0.0000000e+00 1.0000000e+00]
 [0.0000000e+00 0.0000000e+00 0.0000000e+00 1.0000000e+00]
 [0.0000000e+00 0.0000000e+00 0.0000000e+00 1.0000000e+00]
 [0.0000000e+00 0.0000000e+00 0.0000000e+00 1.0000000e+00]
 [0.0000000e+00 0.0000000e+00 0.0000000e+00 1.0000000e+00]]
[73, 289, 145, 305, 346, 324, 309, 364, 239, 70, 209, 108, 12, 200, 360, 345, 400, 90, 100, 341, 58, 8, 180, 173, 314, 298, 370, 163, 201, 351, 242, 354, 146, 234, 194, 188, 36, 149, 23, 151, 299, 197, 288, 310, 150, 218, 320, 20, 384, 389, 5, 168, 29, 134, 278, 295, 399, 321, 344, 152, 237, 68, 115, 248, 207, 335, 211, 48, 377, 13, 386, 117, 362, 343, 57, 383, 64, 198, 250, 113]
[[0 2 1 3 3 3 3 3 2 0 2 1 0 1 3 3 3 0 0 3 0 0 1 1 3 2 3 1 2 3 2 3 1 2 1 1
  0 1 0 1 2 1 2 3 1 2 3 0 3 3 0 1 0 1 2 2 3 3 3 1 2 0 1 2 2 3 2 0 3 0 3 1
  3 3 0 3 0 1 2 1]]
Test loss:12.693000411987304Test accuracy:0.2125
[[0. 0. 1. 0.]
 [0. 0. 1. 0.]
 [0. 0. 1. 0.]
 [0. 0. 1. 0.]
 [0. 0. 1. 0.]
 [0. 0. 1. 0.]
 [0. 0. 1. 0.]
 [0. 0. 1. 0.]
 [0. 0. 1. 0.]
 [0. 0. 1. 0.]
 [0. 0. 1. 0.]
 [0. 0. 1. 0.]
 [0. 0. 1. 0.]
 [0. 0. 1. 0.]
 [0. 0. 1. 0.]
 [0. 0. 1. 0.]
 [0. 0. 1. 0.]
 [0. 0. 1. 0.]
 [0. 0. 1. 0.]
 [0. 0. 1. 0.]
 [0. 0. 1. 0.]
 [0. 0. 1. 0.]
 [0. 0. 1. 0.]
 [0. 0. 1. 0.]
 [0. 0. 1. 0.]
 [0. 0. 1. 0.]
 [0. 0. 1. 0.]
 [0. 0. 1. 0.]
 [0. 0. 1. 0.]
 [0. 0. 1. 0.]
 [0. 0. 1. 0.]
 [0. 0. 1. 0.]
 [0. 0. 1. 0.]
 [0. 0. 1. 0.]
 [0. 0. 1. 0.]
 [0. 0. 1. 0.]
 [0. 0. 1. 0.]
 [0. 0. 1. 0.]
 [0. 0. 1. 0.]
 [0. 0. 1. 0.]
 [0. 0. 1. 0.]
 [0. 0. 1. 0.]
 [0. 0. 1. 0.]
 [0. 0. 1. 0.]
 [0. 0. 1. 0.]
 [0. 0. 1. 0.]
 [0. 0. 1. 0.]
 [0. 0. 1. 0.]
 [0. 0. 1. 0.]
 [0. 0. 1. 0.]
 [0. 0. 1. 0.]
 [0. 0. 1. 0.]
 [0. 0. 1. 0.]
 [0. 0. 1. 0.]
 [0. 0. 1. 0.]
 [0. 0. 1. 0.]
 [0. 0. 1. 0.]
 [0. 0. 1. 0.]
 [0. 0. 1. 0.]
 [0. 0. 1. 0.]
 [0. 0. 1. 0.]
 [0. 0. 1. 0.]
 [0. 0. 1. 0.]
 [0. 0. 1. 0.]
 [0. 0. 1. 0.]
 [0. 0. 1. 0.]
 [0. 0. 1. 0.]
 [0. 0. 1. 0.]
 [0. 0. 1. 0.]
 [0. 0. 1. 0.]
 [0. 0. 1. 0.]
 [0. 0. 1. 0.]
 [0. 0. 1. 0.]
 [0. 0. 1. 0.]
 [0. 0. 1. 0.]
 [0. 0. 1. 0.]
 [0. 0. 1. 0.]
 [0. 0. 1. 0.]
 [0. 0. 1. 0.]
 [0. 0. 1. 0.]]
[203, 266, 18, 398, 228, 185, 292, 22, 23, 121, 384, 189, 165, 393, 56, 295, 365, 131, 110, 326, 176, 320, 91, 327, 208, 296, 73, 226, 198, 319, 397, 253, 175, 147, 274, 381, 40, 358, 64, 186, 149, 241, 246, 244, 209, 79, 129, 363, 356, 302, 111, 272, 211, 325, 392, 343, 113, 257, 387, 14, 260, 55, 180, 169, 83, 303, 250, 108, 142, 75, 234, 236, 69, 194, 51, 221, 42, 43, 330, 2]
[[2 2 0 3 2 1 2 0 0 1 3 1 1 3 0 2 3 1 1 3 1 3 0 3 2 2 0 2 1 3 3 2 1 1 2 3
  0 3 0 1 1 2 2 2 2 0 1 3 3 3 1 2 2 3 3 3 1 2 3 0 2 0 1 1 0 3 2 1 1 0 2 2
  0 1 0 2 0 0 3 0]]
Test loss:11.68561897277832Test accuracy:0.275
[[6.23769145e-19 8.41985934e-21 1.00000000e+00 9.33191614e-15]
 [9.84468621e-34 1.34273325e-32 1.00000000e+00 1.21091806e-24]
 [1.55801535e-30 4.53507150e-30 1.00000000e+00 1.60981040e-22]
 [2.34131459e-36 0.00000000e+00 1.00000000e+00 1.87269789e-23]
 [8.37666678e-30 4.95221733e-28 1.00000000e+00 6.73618551e-22]
 [1.10935088e-30 8.42936504e-30 1.00000000e+00 1.15710370e-22]
 [7.88177859e-35 1.13301653e-34 1.00000000e+00 4.89548244e-25]
 [2.24216463e-30 5.63998428e-30 1.00000000e+00 2.76283828e-22]
 [1.16917460e-33 4.15915339e-31 1.00000000e+00 1.20360936e-24]
 [6.55379541e-35 6.01631550e-31 1.00000000e+00 1.82061886e-26]
 [8.23958504e-33 1.26683567e-31 1.00000000e+00 2.99766986e-23]
 [1.66730884e-31 1.55266759e-25 1.00000000e+00 2.08153157e-24]
 [3.48514626e-27 1.16282769e-25 1.00000000e+00 4.60554778e-19]
 [3.51152736e-28 5.05414023e-32 1.00000000e+00 9.05230532e-20]
 [3.66230014e-31 3.08802874e-30 1.00000000e+00 7.20314383e-23]
 [7.45699278e-36 6.71418094e-35 1.00000000e+00 2.96444869e-26]
 [3.11068032e-16 7.88384719e-29 1.00000000e+00 2.20401666e-11]
 [2.77097116e-33 2.24206194e-30 1.00000000e+00 7.06516251e-25]
 [8.30699744e-33 1.12579118e-27 1.00000000e+00 6.87860529e-25]
 [1.19055720e-26 3.14900680e-30 1.00000000e+00 1.74482699e-16]
 [1.96749535e-38 1.20511876e-35 1.00000000e+00 8.15405275e-29]
 [7.56299749e-34 5.18245014e-32 1.00000000e+00 2.04290226e-21]
 [1.14698448e-34 6.41803844e-36 1.00000000e+00 9.76871049e-26]
 [7.11149617e-36 1.75703223e-36 1.00000000e+00 1.21199485e-24]
 [1.68707111e-32 2.57722176e-31 1.00000000e+00 5.00880645e-24]
 [4.04613384e-31 9.86760860e-29 1.00000000e+00 8.62396184e-23]
 [3.57198209e-38 0.00000000e+00 1.00000000e+00 9.92724010e-26]
 [1.32045312e-34 1.65762960e-33 1.00000000e+00 3.59387217e-26]
 [4.05601072e-30 1.70783403e-28 1.00000000e+00 4.19740947e-22]
 [2.58723300e-36 4.62977892e-37 1.00000000e+00 2.72301861e-27]
 [2.22838737e-28 4.08079759e-29 1.00000000e+00 8.64693977e-19]
 [0.00000000e+00 1.50244349e-38 1.00000000e+00 1.60213008e-27]
 [1.11912572e-32 1.15780604e-29 1.00000000e+00 1.94656038e-25]
 [9.60874567e-35 4.35041620e-31 1.00000000e+00 4.80209308e-26]
 [1.05146115e-33 1.37920183e-33 1.00000000e+00 1.23859543e-22]
 [2.49052646e-31 1.29740788e-30 1.00000000e+00 1.25944085e-21]
 [1.07652618e-35 7.31323938e-35 1.00000000e+00 9.38147716e-26]
 [2.55402120e-35 2.91120672e-33 1.00000000e+00 1.64711538e-26]
 [1.66219327e-20 9.59700154e-32 1.00000000e+00 1.53778374e-14]
 [2.76531115e-33 2.72843030e-31 1.00000000e+00 1.24900880e-24]
 [0.00000000e+00 0.00000000e+00 1.00000000e+00 1.85811494e-33]
 [2.16190378e-21 1.07143265e-22 1.00000000e+00 3.80592571e-15]
 [2.09027581e-32 1.50009513e-31 1.00000000e+00 5.89441109e-25]
 [1.24829694e-35 1.42075711e-35 1.00000000e+00 1.20409494e-26]
 [4.65788388e-33 1.31045844e-32 1.00000000e+00 1.62892145e-24]
 [1.40317491e-30 1.14336969e-30 1.00000000e+00 3.26653998e-22]
 [1.35430761e-32 3.27209058e-29 1.00000000e+00 3.11304176e-24]
 [2.57433310e-31 1.80456591e-31 1.00000000e+00 4.93814612e-20]
 [7.56299749e-34 5.18245014e-32 1.00000000e+00 2.04290226e-21]
 [6.82956058e-31 5.10017941e-31 1.00000000e+00 9.52161205e-20]
 [1.08310968e-33 5.52180854e-31 1.00000000e+00 5.68338783e-25]
 [1.31174884e-32 2.21763004e-32 1.00000000e+00 5.99683777e-24]
 [1.85293562e-31 3.76085368e-30 1.00000000e+00 7.83460916e-24]
 [1.46609025e-37 4.92651555e-36 1.00000000e+00 1.56443345e-25]
 [1.89733019e-26 2.06598480e-26 1.00000000e+00 1.87191274e-15]
 [8.85199996e-33 1.77065419e-32 1.00000000e+00 2.02978770e-23]
 [3.00385141e-38 1.55392327e-33 1.00000000e+00 1.81496556e-28]
 [6.83757571e-35 1.44472967e-33 1.00000000e+00 1.49295230e-25]
 [6.71134173e-34 3.92865053e-33 1.00000000e+00 5.75811473e-23]
 [8.10824550e-35 1.17968095e-32 1.00000000e+00 1.33910618e-25]
 [5.43749327e-36 3.24290365e-35 1.00000000e+00 5.00026495e-27]
 [0.00000000e+00 0.00000000e+00 1.00000000e+00 2.47203385e-29]
 [8.11092231e-31 2.07096857e-29 1.00000000e+00 2.32236662e-22]
 [2.97476693e-27 9.32606844e-25 1.00000000e+00 2.15176028e-20]
 [2.26577958e-11 4.53808085e-12 1.00000000e+00 3.70937259e-09]
 [2.92370332e-34 5.30105432e-34 1.00000000e+00 4.07930040e-23]
 [1.12312514e-31 7.29205827e-30 1.00000000e+00 1.05558992e-23]
 [1.48619073e-32 1.18525744e-30 1.00000000e+00 4.94058536e-24]
 [1.19461342e-29 2.02431785e-26 1.00000000e+00 7.77335155e-22]
 [6.18426696e-33 2.25402878e-34 1.00000000e+00 1.52124371e-24]
 [1.65630945e-32 2.63923343e-32 1.00000000e+00 7.35524757e-24]
 [5.89394789e-37 1.13209562e-35 1.00000000e+00 1.92861989e-27]
 [1.11946362e-16 5.66971120e-22 1.00000000e+00 2.99157643e-11]
 [1.21346561e-32 7.54534448e-31 1.00000000e+00 4.43515350e-24]
 [1.65630945e-32 2.63923343e-32 1.00000000e+00 7.35524757e-24]
 [1.92767054e-35 2.40619188e-35 1.00000000e+00 4.35785191e-26]
 [9.61775753e-37 8.28211068e-37 1.00000000e+00 5.88770805e-27]
 [3.70585371e-30 4.17202889e-29 1.00000000e+00 6.72496576e-22]
 [2.52467057e-35 1.13094380e-34 1.00000000e+00 2.81327718e-25]
 [4.55658077e-27 8.95356164e-29 1.00000000e+00 4.87810185e-20]]
[235, 199, 347, 72, 167, 280, 65, 21, 96, 399, 119, 247, 330, 252, 210, 285, 70, 85, 195, 97, 151, 126, 76, 147, 159, 398, 30, 162, 104, 334, 144, 320, 68, 153, 150, 284, 301, 312, 77, 117, 192, 52, 37, 170, 356, 105, 165, 366, 332, 26, 40, 143, 359, 281, 18, 271, 229, 186, 183, 109, 337, 160, 173, 389, 120, 249, 83, 136, 17, 191, 240, 176, 307, 177, 82, 262, 297, 189, 54, 134]
[[2 1 3 0 1 2 0 0 0 3 1 2 3 2 2 2 0 0 1 0 1 1 0 1 1 3 0 1 1 3 1 3 0 1 1 2
  3 3 0 1 1 0 0 1 3 1 1 3 3 0 0 1 3 2 0 2 2 1 1 1 3 1 1 3 1 2 0 1 0 1 2 1
  3 1 0 2 2 1 0 1]]
Test loss:12.088571548461914Test accuracy:0.25
[[1. 0. 0. 0.]
 [1. 0. 0. 0.]
 [1. 0. 0. 0.]
 [1. 0. 0. 0.]
 [1. 0. 0. 0.]
 [1. 0. 0. 0.]
 [1. 0. 0. 0.]
 [1. 0. 0. 0.]
 [1. 0. 0. 0.]
 [1. 0. 0. 0.]
 [1. 0. 0. 0.]
 [1. 0. 0. 0.]
 [1. 0. 0. 0.]
 [1. 0. 0. 0.]
 [1. 0. 0. 0.]
 [1. 0. 0. 0.]
 [1. 0. 0. 0.]
 [1. 0. 0. 0.]
 [1. 0. 0. 0.]
 [1. 0. 0. 0.]
 [1. 0. 0. 0.]
 [1. 0. 0. 0.]
 [1. 0. 0. 0.]
 [1. 0. 0. 0.]
 [1. 0. 0. 0.]
 [1. 0. 0. 0.]
 [1. 0. 0. 0.]
 [1. 0. 0. 0.]
 [1. 0. 0. 0.]
 [1. 0. 0. 0.]
 [1. 0. 0. 0.]
 [1. 0. 0. 0.]
 [1. 0. 0. 0.]
 [1. 0. 0. 0.]
 [1. 0. 0. 0.]
 [1. 0. 0. 0.]
 [1. 0. 0. 0.]
 [1. 0. 0. 0.]
 [1. 0. 0. 0.]
 [1. 0. 0. 0.]
 [1. 0. 0. 0.]
 [1. 0. 0. 0.]
 [1. 0. 0. 0.]
 [1. 0. 0. 0.]
 [1. 0. 0. 0.]
 [1. 0. 0. 0.]
 [1. 0. 0. 0.]
 [1. 0. 0. 0.]
 [1. 0. 0. 0.]
 [1. 0. 0. 0.]
 [1. 0. 0. 0.]
 [1. 0. 0. 0.]
 [1. 0. 0. 0.]
 [1. 0. 0. 0.]
 [1. 0. 0. 0.]
 [1. 0. 0. 0.]
 [1. 0. 0. 0.]
 [1. 0. 0. 0.]
 [1. 0. 0. 0.]
 [1. 0. 0. 0.]
 [1. 0. 0. 0.]
 [1. 0. 0. 0.]
 [1. 0. 0. 0.]
 [1. 0. 0. 0.]
 [1. 0. 0. 0.]
 [1. 0. 0. 0.]
 [1. 0. 0. 0.]
 [1. 0. 0. 0.]
 [1. 0. 0. 0.]
 [1. 0. 0. 0.]
 [1. 0. 0. 0.]
 [1. 0. 0. 0.]
 [1. 0. 0. 0.]
 [1. 0. 0. 0.]
 [1. 0. 0. 0.]
 [1. 0. 0. 0.]
 [1. 0. 0. 0.]
 [1. 0. 0. 0.]
 [1. 0. 0. 0.]
 [1. 0. 0. 0.]]
[387, 373, 71, 14, 308, 111, 64, 54, 72, 41, 353, 82, 33, 192, 337, 383, 191, 212, 29, 360, 80, 379, 312, 146, 69, 182, 3, 254, 242, 6, 101, 83, 247, 23, 208, 200, 155, 210, 140, 35, 214, 299, 9, 333, 47, 267, 127, 78, 220, 169, 118, 156, 203, 275, 134, 300, 10, 340, 131, 16, 269, 136, 369, 164, 26, 15, 38, 296, 366, 135, 246, 11, 124, 44, 328, 320, 92, 359, 132, 163]
[[3 3 0 0 3 1 0 0 0 0 3 0 0 1 3 3 1 2 0 3 0 3 3 1 0 1 0 2 2 0 1 0 2 0 2 1
  1 2 1 0 2 2 0 3 0 2 1 0 2 1 1 1 2 2 1 2 0 3 1 0 2 1 3 1 0 0 0 2 3 1 2 0
  1 0 3 3 0 3 1 1]]
Test loss:12.894475936889648Test accuracy:0.2
[[0.0000000e+00 0.0000000e+00 0.0000000e+00 1.0000000e+00]
 [0.0000000e+00 0.0000000e+00 0.0000000e+00 1.0000000e+00]
 [1.1863123e-36 0.0000000e+00 0.0000000e+00 1.0000000e+00]
 [0.0000000e+00 0.0000000e+00 0.0000000e+00 1.0000000e+00]
 [0.0000000e+00 0.0000000e+00 0.0000000e+00 1.0000000e+00]
 [1.5447691e-32 0.0000000e+00 6.9333324e-37 1.0000000e+00]
 [0.0000000e+00 0.0000000e+00 0.0000000e+00 1.0000000e+00]
 [0.0000000e+00 0.0000000e+00 0.0000000e+00 1.0000000e+00]
 [0.0000000e+00 0.0000000e+00 0.0000000e+00 1.0000000e+00]
 [3.4928212e-37 0.0000000e+00 0.0000000e+00 1.0000000e+00]
 [0.0000000e+00 0.0000000e+00 0.0000000e+00 1.0000000e+00]
 [0.0000000e+00 0.0000000e+00 0.0000000e+00 1.0000000e+00]
 [0.0000000e+00 0.0000000e+00 0.0000000e+00 1.0000000e+00]
 [0.0000000e+00 0.0000000e+00 0.0000000e+00 1.0000000e+00]
 [0.0000000e+00 0.0000000e+00 0.0000000e+00 1.0000000e+00]
 [0.0000000e+00 0.0000000e+00 0.0000000e+00 1.0000000e+00]
 [0.0000000e+00 0.0000000e+00 0.0000000e+00 1.0000000e+00]
 [0.0000000e+00 0.0000000e+00 0.0000000e+00 1.0000000e+00]
 [6.8813261e-35 0.0000000e+00 0.0000000e+00 1.0000000e+00]
 [0.0000000e+00 0.0000000e+00 0.0000000e+00 1.0000000e+00]
 [0.0000000e+00 0.0000000e+00 0.0000000e+00 1.0000000e+00]
 [0.0000000e+00 0.0000000e+00 0.0000000e+00 1.0000000e+00]
 [0.0000000e+00 0.0000000e+00 0.0000000e+00 1.0000000e+00]
 [1.2800767e-33 0.0000000e+00 4.7192358e-38 1.0000000e+00]
 [0.0000000e+00 0.0000000e+00 0.0000000e+00 1.0000000e+00]
 [1.1915574e-25 3.9363146e-34 9.2108548e-30 1.0000000e+00]
 [0.0000000e+00 0.0000000e+00 0.0000000e+00 1.0000000e+00]
 [0.0000000e+00 0.0000000e+00 0.0000000e+00 1.0000000e+00]
 [0.0000000e+00 0.0000000e+00 0.0000000e+00 1.0000000e+00]
 [0.0000000e+00 0.0000000e+00 0.0000000e+00 1.0000000e+00]
 [2.0566945e-37 0.0000000e+00 0.0000000e+00 1.0000000e+00]
 [2.5449481e-27 0.0000000e+00 1.8242641e-31 1.0000000e+00]
 [1.1509643e-34 0.0000000e+00 0.0000000e+00 1.0000000e+00]
 [0.0000000e+00 0.0000000e+00 0.0000000e+00 1.0000000e+00]
 [1.5466914e-32 0.0000000e+00 9.3477737e-37 1.0000000e+00]
 [1.6372626e-32 0.0000000e+00 1.0703058e-36 1.0000000e+00]
 [0.0000000e+00 0.0000000e+00 0.0000000e+00 1.0000000e+00]
 [2.4790605e-36 0.0000000e+00 0.0000000e+00 1.0000000e+00]
 [1.3294841e-28 0.0000000e+00 4.2671647e-32 1.0000000e+00]
 [2.8669976e-36 0.0000000e+00 0.0000000e+00 1.0000000e+00]
 [0.0000000e+00 0.0000000e+00 0.0000000e+00 1.0000000e+00]
 [0.0000000e+00 0.0000000e+00 0.0000000e+00 1.0000000e+00]
 [0.0000000e+00 0.0000000e+00 0.0000000e+00 1.0000000e+00]
 [0.0000000e+00 0.0000000e+00 0.0000000e+00 1.0000000e+00]
 [0.0000000e+00 0.0000000e+00 0.0000000e+00 1.0000000e+00]
 [0.0000000e+00 0.0000000e+00 0.0000000e+00 1.0000000e+00]
 [3.1250700e-32 0.0000000e+00 4.0505864e-36 1.0000000e+00]
 [2.6697885e-36 0.0000000e+00 0.0000000e+00 1.0000000e+00]
 [3.8869202e-36 0.0000000e+00 0.0000000e+00 1.0000000e+00]
 [3.8748904e-33 0.0000000e+00 3.6995831e-37 1.0000000e+00]
 [1.5890669e-36 0.0000000e+00 0.0000000e+00 1.0000000e+00]
 [1.4974586e-32 0.0000000e+00 6.4567399e-36 1.0000000e+00]
 [0.0000000e+00 0.0000000e+00 0.0000000e+00 1.0000000e+00]
 [0.0000000e+00 0.0000000e+00 0.0000000e+00 1.0000000e+00]
 [0.0000000e+00 0.0000000e+00 0.0000000e+00 1.0000000e+00]
 [0.0000000e+00 0.0000000e+00 0.0000000e+00 1.0000000e+00]
 [0.0000000e+00 0.0000000e+00 0.0000000e+00 1.0000000e+00]
 [0.0000000e+00 0.0000000e+00 0.0000000e+00 1.0000000e+00]
 [4.3734887e-34 0.0000000e+00 2.7592452e-38 1.0000000e+00]
 [2.7261836e-38 0.0000000e+00 0.0000000e+00 1.0000000e+00]
 [4.2251575e-35 0.0000000e+00 0.0000000e+00 1.0000000e+00]
 [1.1874907e-34 0.0000000e+00 0.0000000e+00 1.0000000e+00]
 [0.0000000e+00 0.0000000e+00 0.0000000e+00 1.0000000e+00]
 [1.4224039e-30 0.0000000e+00 5.9486161e-35 1.0000000e+00]
 [0.0000000e+00 0.0000000e+00 0.0000000e+00 1.0000000e+00]
 [3.1030603e-38 0.0000000e+00 0.0000000e+00 1.0000000e+00]
 [0.0000000e+00 0.0000000e+00 0.0000000e+00 1.0000000e+00]
 [8.8960570e-37 0.0000000e+00 0.0000000e+00 1.0000000e+00]
 [0.0000000e+00 0.0000000e+00 0.0000000e+00 1.0000000e+00]
 [0.0000000e+00 0.0000000e+00 0.0000000e+00 1.0000000e+00]
 [0.0000000e+00 0.0000000e+00 0.0000000e+00 1.0000000e+00]
 [0.0000000e+00 0.0000000e+00 0.0000000e+00 1.0000000e+00]
 [1.7504643e-34 0.0000000e+00 1.6873363e-38 1.0000000e+00]
 [0.0000000e+00 0.0000000e+00 0.0000000e+00 1.0000000e+00]
 [0.0000000e+00 0.0000000e+00 0.0000000e+00 1.0000000e+00]
 [0.0000000e+00 0.0000000e+00 0.0000000e+00 1.0000000e+00]
 [0.0000000e+00 0.0000000e+00 0.0000000e+00 1.0000000e+00]
 [0.0000000e+00 0.0000000e+00 0.0000000e+00 1.0000000e+00]
 [1.1532836e-36 0.0000000e+00 0.0000000e+00 1.0000000e+00]
 [9.2447400e-33 0.0000000e+00 2.6560834e-37 1.0000000e+00]]
[5, 256, 187, 102, 70, 186, 311, 76, 108, 210, 261, 265, 252, 344, 264, 381, 34, 11, 125, 334, 45, 7, 393, 342, 332, 221, 397, 91, 153, 128, 331, 224, 178, 214, 263, 231, 289, 171, 285, 248, 8, 376, 366, 196, 295, 39, 390, 167, 270, 368, 314, 348, 160, 387, 352, 18, 122, 395, 124, 15, 333, 232, 95, 257, 129, 79, 343, 322, 211, 307, 396, 296, 346, 298, 140, 287, 255, 212, 69, 271]
[[0 2 1 1 0 1 3 0 1 2 2 2 2 3 2 3 0 0 1 3 0 0 3 3 3 2 3 0 1 1 3 2 1 2 2 2
  2 1 2 2 0 3 3 1 2 0 3 1 2 3 3 3 1 3 3 0 1 3 1 0 3 2 0 2 1 0 3 3 2 3 3 2
  3 2 1 2 2 2 0 2]]
Test loss:13.095952796936036Test accuracy:0.1875
[[1. 0. 0. 0.]
 [1. 0. 0. 0.]
 [1. 0. 0. 0.]
 [1. 0. 0. 0.]
 [1. 0. 0. 0.]
 [1. 0. 0. 0.]
 [1. 0. 0. 0.]
 [1. 0. 0. 0.]
 [1. 0. 0. 0.]
 [1. 0. 0. 0.]
 [1. 0. 0. 0.]
 [1. 0. 0. 0.]
 [1. 0. 0. 0.]
 [1. 0. 0. 0.]
 [1. 0. 0. 0.]
 [1. 0. 0. 0.]
 [1. 0. 0. 0.]
 [1. 0. 0. 0.]
 [1. 0. 0. 0.]
 [1. 0. 0. 0.]
 [1. 0. 0. 0.]
 [1. 0. 0. 0.]
 [1. 0. 0. 0.]
 [1. 0. 0. 0.]
 [1. 0. 0. 0.]
 [1. 0. 0. 0.]
 [1. 0. 0. 0.]
 [1. 0. 0. 0.]
 [1. 0. 0. 0.]
 [1. 0. 0. 0.]
 [1. 0. 0. 0.]
 [1. 0. 0. 0.]
 [1. 0. 0. 0.]
 [1. 0. 0. 0.]
 [1. 0. 0. 0.]
 [1. 0. 0. 0.]
 [1. 0. 0. 0.]
 [1. 0. 0. 0.]
 [1. 0. 0. 0.]
 [1. 0. 0. 0.]
 [1. 0. 0. 0.]
 [1. 0. 0. 0.]
 [1. 0. 0. 0.]
 [1. 0. 0. 0.]
 [1. 0. 0. 0.]
 [1. 0. 0. 0.]
 [1. 0. 0. 0.]
 [1. 0. 0. 0.]
 [1. 0. 0. 0.]
 [1. 0. 0. 0.]
 [1. 0. 0. 0.]
 [1. 0. 0. 0.]
 [1. 0. 0. 0.]
 [1. 0. 0. 0.]
 [1. 0. 0. 0.]
 [1. 0. 0. 0.]
 [1. 0. 0. 0.]
 [1. 0. 0. 0.]
 [1. 0. 0. 0.]
 [1. 0. 0. 0.]
 [1. 0. 0. 0.]
 [1. 0. 0. 0.]
 [1. 0. 0. 0.]
 [1. 0. 0. 0.]
 [1. 0. 0. 0.]
 [1. 0. 0. 0.]
 [1. 0. 0. 0.]
 [1. 0. 0. 0.]
 [1. 0. 0. 0.]
 [1. 0. 0. 0.]
 [1. 0. 0. 0.]
 [1. 0. 0. 0.]
 [1. 0. 0. 0.]
 [1. 0. 0. 0.]
 [1. 0. 0. 0.]
 [1. 0. 0. 0.]
 [1. 0. 0. 0.]
 [1. 0. 0. 0.]
 [1. 0. 0. 0.]
 [1. 0. 0. 0.]]
[106, 221, 23, 207, 153, 392, 309, 265, 115, 170, 226, 307, 348, 49, 318, 16, 86, 87, 92, 322, 65, 282, 355, 229, 202, 293, 47, 363, 140, 205, 295, 351, 325, 262, 29, 210, 263, 10, 117, 84, 186, 273, 61, 188, 237, 78, 111, 218, 332, 15, 41, 399, 34, 234, 286, 81, 393, 97, 206, 160, 168, 385, 190, 181, 372, 215, 323, 347, 238, 315, 150, 258, 62, 345, 33, 144, 143, 298, 301, 147]
[[1 2 0 2 1 3 3 2 1 1 2 3 3 0 3 0 0 0 0 3 0 2 3 2 2 2 0 3 1 2 2 3 3 2 0 2
  2 0 1 0 1 2 0 1 2 0 1 2 3 0 0 3 0 2 2 0 3 0 2 1 1 3 1 1 3 2 3 3 2 3 1 2
  0 3 0 1 1 2 3 1]]
Test loss:12.088571739196777Test accuracy:0.25
[[1.0054689e-32 0.0000000e+00 0.0000000e+00 1.0000000e+00]
 [2.5184568e-35 0.0000000e+00 0.0000000e+00 1.0000000e+00]
 [3.5582144e-33 0.0000000e+00 0.0000000e+00 1.0000000e+00]
 [7.3490284e-37 0.0000000e+00 0.0000000e+00 1.0000000e+00]
 [1.8131640e-38 0.0000000e+00 0.0000000e+00 1.0000000e+00]
 [1.7618506e-29 0.0000000e+00 3.0378949e-36 1.0000000e+00]
 [0.0000000e+00 0.0000000e+00 0.0000000e+00 1.0000000e+00]
 [1.8128750e-29 1.3807151e-37 6.7736071e-35 1.0000000e+00]
 [5.6759033e-21 5.4104161e-26 6.7463592e-25 1.0000000e+00]
 [8.7846751e-36 0.0000000e+00 0.0000000e+00 1.0000000e+00]
 [2.1805356e-32 0.0000000e+00 0.0000000e+00 1.0000000e+00]
 [1.1297266e-36 0.0000000e+00 0.0000000e+00 1.0000000e+00]
 [0.0000000e+00 0.0000000e+00 0.0000000e+00 1.0000000e+00]
 [0.0000000e+00 0.0000000e+00 0.0000000e+00 1.0000000e+00]
 [8.6239333e-37 0.0000000e+00 0.0000000e+00 1.0000000e+00]
 [4.5956624e-36 0.0000000e+00 0.0000000e+00 1.0000000e+00]
 [9.7238258e-28 2.3243099e-35 1.0494336e-33 1.0000000e+00]
 [2.9835593e-37 0.0000000e+00 0.0000000e+00 1.0000000e+00]
 [0.0000000e+00 0.0000000e+00 0.0000000e+00 1.0000000e+00]
 [0.0000000e+00 0.0000000e+00 0.0000000e+00 1.0000000e+00]
 [2.4300609e-23 3.1655796e-30 1.2873029e-28 1.0000000e+00]
 [1.9621139e-38 0.0000000e+00 0.0000000e+00 1.0000000e+00]
 [2.3702403e-30 0.0000000e+00 1.5397116e-37 1.0000000e+00]
 [1.0172569e-36 0.0000000e+00 0.0000000e+00 1.0000000e+00]
 [1.0172569e-36 0.0000000e+00 0.0000000e+00 1.0000000e+00]
 [3.1305282e-36 0.0000000e+00 0.0000000e+00 1.0000000e+00]
 [4.9244436e-38 0.0000000e+00 0.0000000e+00 1.0000000e+00]
 [5.2893894e-30 0.0000000e+00 7.9579036e-37 1.0000000e+00]
 [2.0374704e-28 1.4622538e-36 4.3312653e-35 1.0000000e+00]
 [3.2469705e-31 0.0000000e+00 1.2448663e-38 1.0000000e+00]
 [0.0000000e+00 0.0000000e+00 0.0000000e+00 1.0000000e+00]
 [5.9212024e-34 0.0000000e+00 0.0000000e+00 1.0000000e+00]
 [1.2040579e-34 0.0000000e+00 0.0000000e+00 1.0000000e+00]
 [2.7287814e-33 0.0000000e+00 0.0000000e+00 1.0000000e+00]
 [8.8744999e-37 0.0000000e+00 0.0000000e+00 1.0000000e+00]
 [4.9157348e-38 0.0000000e+00 0.0000000e+00 1.0000000e+00]
 [1.1132510e-30 0.0000000e+00 6.1222136e-38 1.0000000e+00]
 [2.0773453e-22 2.5060441e-29 6.9040419e-28 1.0000000e+00]
 [1.1467045e-34 0.0000000e+00 0.0000000e+00 1.0000000e+00]
 [0.0000000e+00 0.0000000e+00 0.0000000e+00 1.0000000e+00]
 [0.0000000e+00 0.0000000e+00 0.0000000e+00 1.0000000e+00]
 [8.4068226e-30 0.0000000e+00 8.0892068e-37 1.0000000e+00]
 [0.0000000e+00 0.0000000e+00 0.0000000e+00 1.0000000e+00]
 [1.3100746e-38 0.0000000e+00 0.0000000e+00 1.0000000e+00]
 [3.7918382e-31 0.0000000e+00 0.0000000e+00 1.0000000e+00]
 [6.0778614e-38 0.0000000e+00 0.0000000e+00 1.0000000e+00]
 [4.8282277e-35 0.0000000e+00 0.0000000e+00 1.0000000e+00]
 [5.8542471e-35 0.0000000e+00 0.0000000e+00 1.0000000e+00]
 [4.2045312e-34 0.0000000e+00 0.0000000e+00 1.0000000e+00]
 [2.9941529e-36 0.0000000e+00 0.0000000e+00 1.0000000e+00]
 [2.9835593e-37 0.0000000e+00 0.0000000e+00 1.0000000e+00]
 [5.1721394e-25 2.7350042e-32 2.5773509e-30 1.0000000e+00]
 [3.5171707e-36 0.0000000e+00 0.0000000e+00 1.0000000e+00]
 [2.0529811e-35 0.0000000e+00 0.0000000e+00 1.0000000e+00]
 [8.4068226e-30 0.0000000e+00 8.0892068e-37 1.0000000e+00]
 [8.5474520e-31 0.0000000e+00 6.2231328e-38 1.0000000e+00]
 [2.5406853e-23 2.3664277e-30 1.2847519e-28 1.0000000e+00]
 [2.2364269e-35 0.0000000e+00 0.0000000e+00 1.0000000e+00]
 [4.5777339e-26 7.9669368e-34 3.0684158e-32 1.0000000e+00]
 [5.9146493e-36 0.0000000e+00 0.0000000e+00 1.0000000e+00]
 [1.1636194e-37 0.0000000e+00 0.0000000e+00 1.0000000e+00]
 [5.1405066e-34 0.0000000e+00 0.0000000e+00 1.0000000e+00]
 [1.4686202e-37 0.0000000e+00 0.0000000e+00 1.0000000e+00]
 [4.2080345e-24 5.2729677e-31 4.1545908e-29 1.0000000e+00]
 [1.5002622e-37 0.0000000e+00 0.0000000e+00 1.0000000e+00]
 [2.6909043e-27 1.9343443e-35 7.6407721e-34 1.0000000e+00]
 [5.6295021e-35 0.0000000e+00 0.0000000e+00 1.0000000e+00]
 [3.1947439e-37 0.0000000e+00 0.0000000e+00 1.0000000e+00]
 [2.3087848e-34 0.0000000e+00 0.0000000e+00 1.0000000e+00]
 [1.0397247e-37 0.0000000e+00 0.0000000e+00 1.0000000e+00]
 [1.7810124e-24 1.3458157e-31 3.9505834e-30 1.0000000e+00]
 [3.2317292e-34 0.0000000e+00 0.0000000e+00 1.0000000e+00]
 [0.0000000e+00 0.0000000e+00 0.0000000e+00 1.0000000e+00]
 [0.0000000e+00 0.0000000e+00 0.0000000e+00 1.0000000e+00]
 [0.0000000e+00 0.0000000e+00 0.0000000e+00 1.0000000e+00]
 [2.9808548e-35 0.0000000e+00 0.0000000e+00 1.0000000e+00]
 [3.4772093e-32 0.0000000e+00 0.0000000e+00 1.0000000e+00]
 [5.5478006e-23 1.9281472e-29 6.6685141e-28 1.0000000e+00]
 [1.2712022e-31 0.0000000e+00 0.0000000e+00 1.0000000e+00]
 [1.4724202e-34 0.0000000e+00 0.0000000e+00 1.0000000e+00]]
[196, 281, 151, 306, 392, 257, 101, 205, 80, 330, 190, 396, 389, 172, 387, 348, 182, 4, 148, 127, 369, 139, 227, 85, 199, 299, 13, 198, 176, 310, 353, 1, 245, 295, 167, 294, 206, 331, 189, 269, 124, 95, 121, 87, 273, 56, 96, 60, 50, 23, 100, 158, 110, 238, 253, 146, 200, 39, 183, 97, 2, 340, 327, 336, 230, 271, 197, 11, 235, 161, 28, 382, 144, 351, 341, 319, 195, 399, 277, 292]
[[1 2 1 3 3 2 1 2 0 3 1 3 3 1 3 3 1 0 1 1 3 1 2 0 1 2 0 1 1 3 3 0 2 2 1 2
  2 3 1 2 1 0 1 0 2 0 0 0 0 0 0 1 1 2 2 1 1 0 1 0 0 3 3 3 2 2 1 0 2 1 0 3
  1 3 3 3 1 3 2 2]]
Test loss:12.290047454833985Test accuracy:0.2375
[[0. 0. 0. 1.]
 [0. 0. 0. 1.]
 [0. 0. 0. 1.]
 [0. 0. 0. 1.]
 [0. 0. 0. 1.]
 [0. 0. 0. 1.]
 [0. 0. 0. 1.]
 [0. 0. 0. 1.]
 [0. 0. 0. 1.]
 [0. 0. 0. 1.]
 [0. 0. 0. 1.]
 [0. 0. 0. 1.]
 [0. 0. 0. 1.]
 [0. 0. 0. 1.]
 [0. 0. 0. 1.]
 [0. 0. 0. 1.]
 [0. 0. 0. 1.]
 [0. 0. 0. 1.]
 [0. 0. 0. 1.]
 [0. 0. 0. 1.]
 [0. 0. 0. 1.]
 [0. 0. 0. 1.]
 [0. 0. 0. 1.]
 [0. 0. 0. 1.]
 [0. 0. 0. 1.]
 [0. 0. 0. 1.]
 [0. 0. 0. 1.]
 [0. 0. 0. 1.]
 [0. 0. 0. 1.]
 [0. 0. 0. 1.]
 [0. 0. 0. 1.]
 [0. 0. 0. 1.]
 [0. 0. 0. 1.]
 [0. 0. 0. 1.]
 [0. 0. 0. 1.]
 [0. 0. 0. 1.]
 [0. 0. 0. 1.]
 [0. 0. 0. 1.]
 [0. 0. 0. 1.]
 [0. 0. 0. 1.]
 [0. 0. 0. 1.]
 [0. 0. 0. 1.]
 [0. 0. 0. 1.]
 [0. 0. 0. 1.]
 [0. 0. 0. 1.]
 [0. 0. 0. 1.]
 [0. 0. 0. 1.]
 [0. 0. 0. 1.]
 [0. 0. 0. 1.]
 [0. 0. 0. 1.]
 [0. 0. 0. 1.]
 [0. 0. 0. 1.]
 [0. 0. 0. 1.]
 [0. 0. 0. 1.]
 [0. 0. 0. 1.]
 [0. 0. 0. 1.]
 [0. 0. 0. 1.]
 [0. 0. 0. 1.]
 [0. 0. 0. 1.]
 [0. 0. 0. 1.]
 [0. 0. 0. 1.]
 [0. 0. 0. 1.]
 [0. 0. 0. 1.]
 [0. 0. 0. 1.]
 [0. 0. 0. 1.]
 [0. 0. 0. 1.]
 [0. 0. 0. 1.]
 [0. 0. 0. 1.]
 [0. 0. 0. 1.]
 [0. 0. 0. 1.]
 [0. 0. 0. 1.]
 [0. 0. 0. 1.]
 [0. 0. 0. 1.]
 [0. 0. 0. 1.]
 [0. 0. 0. 1.]
 [0. 0. 0. 1.]
 [0. 0. 0. 1.]
 [0. 0. 0. 1.]
 [0. 0. 0. 1.]
 [0. 0. 0. 1.]]
[110, 76, 5, 292, 156, 191, 164, 221, 315, 316, 269, 15, 261, 384, 88, 270, 172, 100, 349, 107, 318, 350, 299, 268, 322, 179, 356, 7, 129, 29, 220, 140, 353, 48, 57, 169, 229, 396, 308, 116, 39, 114, 218, 162, 386, 329, 135, 366, 91, 263, 186, 271, 319, 211, 326, 64, 3, 168, 111, 42, 138, 206, 194, 119, 69, 235, 296, 70, 302, 400, 187, 273, 311, 104, 36, 23, 367, 369, 26, 67]
[[1 0 0 2 1 1 1 2 3 3 2 0 2 3 0 2 1 0 3 1 3 3 2 2 3 1 3 0 1 0 2 1 3 0 0 1
  2 3 3 1 0 1 2 1 3 3 1 3 0 2 1 2 3 2 3 0 0 1 1 0 1 2 1 1 0 2 2 0 3 3 1 2
  3 1 0 0 3 3 0 0]]
Test loss:11.887095260620118Test accuracy:0.2625
[[0.0000000e+00 0.0000000e+00 0.0000000e+00 1.0000000e+00]
 [0.0000000e+00 0.0000000e+00 8.7683165e-33 1.0000000e+00]
 [0.0000000e+00 0.0000000e+00 0.0000000e+00 1.0000000e+00]
 [0.0000000e+00 0.0000000e+00 0.0000000e+00 1.0000000e+00]
 [0.0000000e+00 0.0000000e+00 0.0000000e+00 1.0000000e+00]
 [0.0000000e+00 0.0000000e+00 0.0000000e+00 1.0000000e+00]
 [0.0000000e+00 0.0000000e+00 0.0000000e+00 1.0000000e+00]
 [0.0000000e+00 0.0000000e+00 0.0000000e+00 1.0000000e+00]
 [0.0000000e+00 0.0000000e+00 0.0000000e+00 1.0000000e+00]
 [0.0000000e+00 0.0000000e+00 0.0000000e+00 1.0000000e+00]
 [0.0000000e+00 0.0000000e+00 0.0000000e+00 1.0000000e+00]
 [0.0000000e+00 0.0000000e+00 0.0000000e+00 1.0000000e+00]
 [0.0000000e+00 0.0000000e+00 0.0000000e+00 1.0000000e+00]
 [0.0000000e+00 0.0000000e+00 0.0000000e+00 1.0000000e+00]
 [0.0000000e+00 0.0000000e+00 0.0000000e+00 1.0000000e+00]
 [2.4068598e-22 2.6432360e-15 6.4036492e-09 1.0000000e+00]
 [0.0000000e+00 0.0000000e+00 0.0000000e+00 1.0000000e+00]
 [0.0000000e+00 0.0000000e+00 0.0000000e+00 1.0000000e+00]
 [0.0000000e+00 0.0000000e+00 0.0000000e+00 1.0000000e+00]
 [0.0000000e+00 0.0000000e+00 0.0000000e+00 1.0000000e+00]
 [0.0000000e+00 0.0000000e+00 0.0000000e+00 1.0000000e+00]
 [0.0000000e+00 0.0000000e+00 0.0000000e+00 1.0000000e+00]
 [0.0000000e+00 0.0000000e+00 0.0000000e+00 1.0000000e+00]
 [0.0000000e+00 0.0000000e+00 0.0000000e+00 1.0000000e+00]
 [0.0000000e+00 0.0000000e+00 0.0000000e+00 1.0000000e+00]
 [0.0000000e+00 0.0000000e+00 0.0000000e+00 1.0000000e+00]
 [0.0000000e+00 0.0000000e+00 0.0000000e+00 1.0000000e+00]
 [0.0000000e+00 0.0000000e+00 2.7345787e-38 1.0000000e+00]
 [0.0000000e+00 0.0000000e+00 1.3778574e-38 1.0000000e+00]
 [0.0000000e+00 0.0000000e+00 0.0000000e+00 1.0000000e+00]
 [0.0000000e+00 0.0000000e+00 0.0000000e+00 1.0000000e+00]
 [0.0000000e+00 0.0000000e+00 3.4785059e-34 1.0000000e+00]
 [0.0000000e+00 0.0000000e+00 0.0000000e+00 1.0000000e+00]
 [0.0000000e+00 0.0000000e+00 0.0000000e+00 1.0000000e+00]
 [0.0000000e+00 0.0000000e+00 0.0000000e+00 1.0000000e+00]
 [0.0000000e+00 0.0000000e+00 0.0000000e+00 1.0000000e+00]
 [0.0000000e+00 0.0000000e+00 0.0000000e+00 1.0000000e+00]
 [0.0000000e+00 0.0000000e+00 0.0000000e+00 1.0000000e+00]
 [0.0000000e+00 0.0000000e+00 0.0000000e+00 1.0000000e+00]
 [0.0000000e+00 0.0000000e+00 1.0486471e-37 1.0000000e+00]
 [0.0000000e+00 0.0000000e+00 0.0000000e+00 1.0000000e+00]
 [0.0000000e+00 0.0000000e+00 0.0000000e+00 1.0000000e+00]
 [0.0000000e+00 0.0000000e+00 0.0000000e+00 1.0000000e+00]
 [0.0000000e+00 0.0000000e+00 0.0000000e+00 1.0000000e+00]
 [0.0000000e+00 0.0000000e+00 0.0000000e+00 1.0000000e+00]
 [0.0000000e+00 0.0000000e+00 0.0000000e+00 1.0000000e+00]
 [0.0000000e+00 0.0000000e+00 0.0000000e+00 1.0000000e+00]
 [0.0000000e+00 0.0000000e+00 0.0000000e+00 1.0000000e+00]
 [0.0000000e+00 0.0000000e+00 3.3701909e-38 1.0000000e+00]
 [0.0000000e+00 0.0000000e+00 0.0000000e+00 1.0000000e+00]
 [0.0000000e+00 0.0000000e+00 0.0000000e+00 1.0000000e+00]
 [0.0000000e+00 0.0000000e+00 0.0000000e+00 1.0000000e+00]
 [0.0000000e+00 0.0000000e+00 0.0000000e+00 1.0000000e+00]
 [0.0000000e+00 0.0000000e+00 0.0000000e+00 1.0000000e+00]
 [0.0000000e+00 0.0000000e+00 0.0000000e+00 1.0000000e+00]
 [0.0000000e+00 0.0000000e+00 0.0000000e+00 1.0000000e+00]
 [0.0000000e+00 0.0000000e+00 1.5199049e-30 1.0000000e+00]
 [0.0000000e+00 0.0000000e+00 0.0000000e+00 1.0000000e+00]
 [0.0000000e+00 0.0000000e+00 0.0000000e+00 1.0000000e+00]
 [0.0000000e+00 0.0000000e+00 0.0000000e+00 1.0000000e+00]
 [0.0000000e+00 0.0000000e+00 0.0000000e+00 1.0000000e+00]
 [0.0000000e+00 0.0000000e+00 1.4476708e-32 1.0000000e+00]
 [0.0000000e+00 0.0000000e+00 0.0000000e+00 1.0000000e+00]
 [0.0000000e+00 0.0000000e+00 0.0000000e+00 1.0000000e+00]
 [0.0000000e+00 0.0000000e+00 1.0900387e-28 1.0000000e+00]
 [0.0000000e+00 0.0000000e+00 5.0428058e-36 1.0000000e+00]
 [0.0000000e+00 0.0000000e+00 0.0000000e+00 1.0000000e+00]
 [0.0000000e+00 0.0000000e+00 0.0000000e+00 1.0000000e+00]
 [0.0000000e+00 0.0000000e+00 0.0000000e+00 1.0000000e+00]
 [0.0000000e+00 0.0000000e+00 0.0000000e+00 1.0000000e+00]
 [0.0000000e+00 0.0000000e+00 0.0000000e+00 1.0000000e+00]
 [0.0000000e+00 0.0000000e+00 1.7772493e-35 1.0000000e+00]
 [0.0000000e+00 0.0000000e+00 0.0000000e+00 1.0000000e+00]
 [0.0000000e+00 0.0000000e+00 0.0000000e+00 1.0000000e+00]
 [0.0000000e+00 0.0000000e+00 0.0000000e+00 1.0000000e+00]
 [0.0000000e+00 0.0000000e+00 0.0000000e+00 1.0000000e+00]
 [0.0000000e+00 0.0000000e+00 0.0000000e+00 1.0000000e+00]
 [0.0000000e+00 0.0000000e+00 0.0000000e+00 1.0000000e+00]
 [0.0000000e+00 0.0000000e+00 0.0000000e+00 1.0000000e+00]
 [0.0000000e+00 0.0000000e+00 0.0000000e+00 1.0000000e+00]]
[342, 303, 180, 80, 396, 106, 11, 235, 23, 112, 183, 279, 97, 246, 60, 284, 94, 195, 262, 302, 188, 321, 344, 283, 252, 377, 50, 147, 115, 31, 153, 61, 319, 189, 207, 307, 17, 268, 120, 43, 228, 66, 393, 366, 72, 132, 212, 16, 116, 226, 359, 391, 251, 123, 298, 67, 110, 265, 194, 349, 182, 111, 151, 206, 70, 36, 292, 355, 389, 293, 229, 379, 10, 42, 58, 125, 260, 166, 253, 291]
[[3 3 1 0 3 1 0 2 0 1 1 2 0 2 0 2 0 1 2 3 1 3 3 2 2 3 0 1 1 0 1 0 3 1 2 3
  0 2 1 0 2 0 3 3 0 1 2 0 1 2 3 3 2 1 2 0 1 2 1 3 1 1 1 2 0 0 2 3 3 2 2 3
  0 0 0 1 2 1 2 2]]
Test loss:1.304418420791626Test accuracy:0.775
[[1.90145206e-02 1.03813761e-07 2.02042065e-05 9.80965197e-01]
 [6.33067099e-10 6.66876873e-13 1.21364021e-08 1.00000000e+00]
 [2.95461118e-01 2.44216293e-01 4.57252085e-01 3.07048624e-03]
 [9.99998569e-01 1.04473851e-11 5.18686477e-07 9.52273297e-07]
 [4.45812196e-01 5.80936298e-03 5.74618727e-02 4.90916580e-01]
 [5.14073186e-02 8.95043373e-01 5.17868847e-02 1.76237919e-03]
 [9.99999881e-01 7.11465407e-18 2.22239713e-10 6.10528090e-08]
 [9.64826631e-06 4.40713364e-07 9.99989867e-01 2.92835569e-08]
 [5.10035828e-02 5.07336736e-01 4.41268533e-01 3.91090725e-04]
 [2.78610361e-08 9.99837399e-01 1.62543627e-04 7.94837585e-10]
 [7.03540863e-05 9.76531446e-01 2.33931877e-02 5.10429800e-06]
 [2.88069040e-01 5.80519112e-03 7.05842257e-01 2.83459725e-04]
 [9.69736636e-01 1.61547194e-13 3.02633308e-02 2.00777173e-08]
 [1.94940358e-01 9.90633680e-07 8.05058658e-01 2.08361017e-09]
 [9.98578906e-01 2.28729800e-06 9.13813536e-04 5.05003147e-04]
 [2.30103463e-01 1.11381151e-03 7.37396553e-02 6.95043027e-01]
 [1.19614905e-08 9.99999881e-01 1.40120008e-07 2.80094175e-17]
 [5.44026352e-06 9.93902802e-01 6.08897302e-03 2.87388252e-06]
 [8.62453785e-03 2.26646382e-08 9.91375148e-01 3.77577237e-07]
 [1.49100066e-13 2.69765005e-17 5.27395883e-14 1.00000000e+00]
 [1.92636368e-03 9.97629881e-01 4.41600248e-04 2.13790281e-06]
 [1.35439880e-12 3.16822185e-17 2.38772273e-08 1.00000000e+00]
 [3.88651788e-02 8.88680108e-04 2.73104850e-02 9.32935596e-01]
 [7.36250589e-03 9.27221179e-02 8.99895787e-01 1.96726032e-05]
 [1.26896850e-06 4.43161689e-02 9.54288185e-01 1.39439991e-03]
 [3.67364669e-06 7.56080976e-09 5.03768606e-05 9.99945998e-01]
 [9.99785125e-01 9.21544995e-07 2.06178534e-04 7.77226251e-06]
 [7.12998238e-09 9.99997973e-01 2.08061738e-06 8.10173803e-12]
 [1.31295214e-03 2.01945895e-05 9.98666644e-01 2.76076008e-07]
 [9.69736636e-01 1.61547194e-13 3.02633308e-02 2.00777173e-08]
 [2.21718177e-01 5.28255284e-01 1.93610266e-01 5.64162806e-02]
 [9.99971032e-01 2.20991558e-09 2.05175711e-05 8.42475583e-06]
 [9.99464214e-01 5.24602323e-12 5.35330095e-04 5.34933690e-07]
 [5.25277426e-11 1.00000000e+00 1.34866451e-10 2.82234078e-16]
 [7.17933464e-04 9.71713364e-01 2.75673382e-02 1.34871061e-06]
 [9.54223564e-04 1.01978044e-10 6.36395052e-05 9.98982131e-01]
 [9.97537732e-01 5.65014133e-08 1.21783966e-03 1.24443381e-03]
 [6.30625578e-08 5.00414346e-04 9.99499559e-01 2.40295839e-11]
 [6.36407785e-05 9.99932408e-01 3.98177644e-06 4.13133999e-10]
 [5.79847097e-01 1.50458604e-01 2.25556165e-01 4.41381112e-02]
 [3.83401406e-03 6.76928043e-01 3.04780781e-01 1.44571494e-02]
 [1.00000000e+00 1.60806002e-16 4.01895335e-08 2.44349985e-10]
 [2.69545944e-05 1.67671649e-12 2.53849510e-08 9.99973059e-01]
 [1.21114077e-02 2.51685055e-08 5.68464422e-08 9.87888515e-01]
 [9.99997497e-01 5.68168290e-10 2.44794887e-06 5.25293942e-08]
 [4.03075246e-03 9.95641947e-01 3.27324087e-04 5.76335708e-08]
 [6.97747746e-04 9.92586650e-03 9.89371061e-01 5.30614261e-06]
 [9.99998450e-01 7.33744315e-12 2.89613752e-07 1.31245122e-06]
 [3.77142715e-05 9.98481452e-01 1.48069870e-03 1.17766419e-07]
 [9.57987620e-04 1.12538428e-05 9.99030828e-01 1.46721293e-08]
 [7.83207342e-02 1.78851836e-10 4.29167505e-03 9.17387605e-01]
 [4.21825860e-07 3.02697636e-08 3.99859736e-08 9.99999523e-01]
 [4.06884216e-02 6.93959407e-07 9.59265590e-01 4.52456479e-05]
 [6.88995467e-03 9.81606483e-01 1.14966594e-02 6.94085429e-06]
 [2.06752103e-02 1.73611028e-04 9.78452742e-01 6.98485062e-04]
 [9.99611199e-01 1.24236538e-10 3.78637691e-04 1.02447966e-05]
 [1.30501693e-10 9.99997258e-01 2.77725326e-06 7.77353158e-16]
 [4.29757563e-08 3.16453793e-07 9.99999642e-01 3.31038252e-10]
 [3.42919230e-02 8.14300999e-02 8.84270012e-01 8.01776514e-06]
 [5.87370774e-09 8.00443479e-12 4.47935484e-08 1.00000000e+00]
 [2.30913539e-03 8.74597486e-03 9.88944829e-01 1.35618947e-08]
 [2.06275175e-07 9.99999642e-01 6.07952870e-08 1.54185833e-12]
 [8.25937390e-02 2.62473375e-01 6.54850304e-01 8.25987372e-05]
 [9.81367171e-01 5.18959398e-12 1.85988843e-02 3.39097023e-05]
 [9.17373598e-01 8.24553354e-06 2.33570393e-02 5.92612177e-02]
 [3.67622435e-01 1.03168329e-02 3.58348079e-02 5.86225927e-01]
 [3.36610287e-01 2.16430901e-11 1.27166482e-02 6.50673091e-01]
 [8.20186974e-12 1.10255060e-14 8.09486991e-11 1.00000000e+00]
 [8.84669334e-12 1.21523425e-11 2.63757975e-08 1.00000000e+00]
 [9.50256884e-02 1.93249714e-03 8.53700876e-01 4.93410304e-02]
 [3.69305871e-02 1.60852742e-05 9.63046074e-01 7.28028544e-06]
 [4.54084104e-09 3.77624355e-11 1.58617937e-08 1.00000000e+00]
 [9.99999285e-01 1.20343498e-15 4.44216885e-09 6.70129907e-07]
 [9.99830604e-01 6.24260199e-10 1.35762157e-05 1.55822068e-04]
 [1.07244980e-09 1.41918269e-10 1.00000000e+00 2.30992048e-12]
 [3.22985798e-02 9.61256087e-01 4.89726989e-03 1.54815032e-03]
 [5.36319911e-01 1.66364273e-08 4.63679880e-01 1.33359435e-07]
 [8.57637399e-12 1.00000000e+00 2.79394774e-09 1.74269338e-14]
 [1.39005794e-08 1.22869650e-07 1.12685429e-05 9.99988556e-01]
 [7.34825194e-01 5.42819649e-02 2.10776523e-01 1.16373652e-04]]
train size:320 test size:80
test_loss_ave: 11.151189560890197 test_acc_ave: 0.29375
