model.add(Conv2D(64, kernel_size=(10, 10), strides=(1, 1),
                    activation='relu',
                    input_shape=input_shape))
    model.add(MaxPooling2D(pool_size=(2, 2),strides=(2, 2)))
    model.add(Conv2D(128, (5, 5), activation='relu'))
    model.add(MaxPooling2D(pool_size=(2, 2)))
[13, 217, 248, 233, 119, 142, 328, 313, 131, 396, 249, 187, 151, 266, 221, 289, 18, 208, 305, 223, 173, 225, 375, 180, 335, 55, 374, 312, 79, 325, 201, 62, 121, 137, 203, 229, 310, 118, 349, 324, 218, 70, 193, 369, 50, 124, 281, 132, 74, 183, 61, 252, 41, 398, 152, 157, 319, 107, 25, 176, 141, 58, 226, 16, 256, 344, 98, 64, 169, 246, 342, 80, 69, 101, 393, 224, 337, 260, 200, 184]
[[0 2 2 2 1 1 3 3 1 3 2 1 1 2 2 2 0 2 3 2 1 2 3 1 3 0 3 3 0 3 2 0 1 1 2 2
  3 1 3 3 2 0 1 3 0 1 2 1 0 1 0 2 0 3 1 1 3 1 0 1 1 0 2 0 2 3 0 0 1 2 3 0
  0 1 3 2 3 2 1 1]]
Test loss:1.287212896347046Test accuracy:0.7625
[[9.98635948e-01 4.53612863e-08 1.33035809e-03 3.37192796e-05]
 [6.13039583e-02 5.05084223e-08 4.93188963e-07 9.38695490e-01]
 [9.82661774e-08 5.08924591e-09 9.99999881e-01 9.15101883e-11]
 [3.62234935e-08 5.32748572e-06 9.99994636e-01 7.61099517e-13]
 [4.59052026e-05 9.97414589e-01 2.53953482e-03 4.44381376e-09]
 [8.78625633e-06 9.99797523e-01 1.22019468e-04 7.15851638e-05]
 [2.01553574e-09 5.50313494e-16 4.90881034e-12 1.00000000e+00]
 [2.26048835e-14 1.88183074e-13 2.30381339e-12 1.00000000e+00]
 [1.34661343e-06 9.99751985e-01 2.46748154e-04 5.91397677e-12]
 [1.78448007e-01 1.42845220e-03 3.56672448e-03 8.16556811e-01]
 [4.27564664e-05 3.50287191e-05 9.99921679e-01 5.14525539e-07]
 [4.61944789e-02 8.83291066e-01 7.05124512e-02 2.03807076e-06]
 [1.41322508e-01 1.08399548e-01 3.29782277e-01 4.20495689e-01]
 [7.24436045e-01 5.15284277e-02 2.15649918e-01 8.38561635e-03]
 [9.82972860e-01 1.11874147e-06 1.35173844e-02 3.50862462e-03]
 [3.85351875e-08 8.83606747e-02 9.11639333e-01 7.56981235e-17]
 [8.87126982e-01 1.93624068e-02 2.56813895e-02 6.78292289e-02]
 [6.11146092e-01 6.36612624e-03 3.82377416e-01 1.10349138e-04]
 [3.00884229e-14 2.82073757e-12 1.21452219e-12 1.00000000e+00]
 [9.79245124e-06 8.80246625e-06 9.99981403e-01 1.77448944e-09]
 [1.84485593e-09 1.00000000e+00 1.70130026e-08 1.55742029e-16]
 [1.15682833e-05 1.14879884e-04 9.99873519e-01 2.05233075e-08]
 [4.31832015e-10 5.38551002e-15 2.22033711e-11 1.00000000e+00]
 [7.60403797e-02 8.85159671e-01 3.72051336e-02 1.59483706e-03]
 [9.20964613e-18 5.16352969e-08 3.28537392e-10 1.00000000e+00]
 [1.00000000e+00 1.53656046e-11 2.03270976e-11 3.48066506e-14]
 [3.10099707e-03 4.81990690e-04 8.09949696e-01 1.86467275e-01]
 [3.00024885e-06 4.00593558e-09 2.09993019e-07 9.99996781e-01]
 [9.99777138e-01 7.27838190e-09 2.53270646e-05 1.97473346e-04]
 [9.50889605e-15 2.57370458e-16 7.75104051e-18 1.00000000e+00]
 [7.50343787e-08 8.27840716e-02 9.17215705e-01 1.19276635e-07]
 [9.65118259e-02 1.10568993e-01 7.92918384e-01 7.12493147e-07]
 [1.14649680e-07 9.99999642e-01 2.81009221e-07 2.42857573e-13]
 [2.64811888e-07 9.98976231e-01 1.02351210e-03 5.41575587e-14]
 [9.84571003e-09 9.99742210e-01 2.57826439e-04 2.21139551e-09]
 [5.36883017e-04 1.48116975e-04 9.99315023e-01 4.32943956e-08]
 [7.79276377e-08 5.86819090e-15 1.40197254e-09 9.99999881e-01]
 [1.26620958e-09 1.00000000e+00 2.84318502e-09 7.85156523e-11]
 [4.96615804e-10 8.44458899e-15 2.81791729e-10 1.00000000e+00]
 [4.89787837e-08 4.23911936e-14 3.01320879e-09 1.00000000e+00]
 [7.79067705e-05 2.51618796e-04 9.99670506e-01 1.63337504e-08]
 [7.81287327e-02 1.64608017e-03 9.20070171e-01 1.55068643e-04]
 [1.08205704e-02 2.61943728e-01 7.27098882e-01 1.36768576e-04]
 [7.60229879e-10 3.12329329e-10 5.58663267e-08 1.00000000e+00]
 [9.93529737e-01 6.20378356e-04 5.84768550e-03 2.21029791e-06]
 [4.66091733e-05 9.85721231e-01 1.42212473e-02 1.08149607e-05]
 [2.72047123e-06 9.90929425e-01 9.06781480e-03 1.57805869e-11]
 [1.46058351e-01 5.93662441e-01 2.60260224e-01 1.89533930e-05]
 [9.99244452e-01 1.09410054e-08 7.53204979e-04 2.35382367e-06]
 [3.67913963e-05 9.88866866e-01 1.10957464e-02 5.47283321e-07]
 [9.99931931e-01 5.41448280e-05 1.35857254e-05 3.93518462e-07]
 [8.10376605e-07 1.36707001e-03 1.29988000e-01 8.68644059e-01]
 [9.98288929e-01 4.60213050e-05 1.56808936e-03 9.68169115e-05]
 [4.42208119e-15 7.85164943e-20 9.67933619e-14 1.00000000e+00]
 [2.19916092e-05 9.80248868e-01 1.97264031e-02 2.79632491e-06]
 [2.07681969e-01 1.92317143e-01 5.89705348e-01 1.02955457e-02]
 [4.54122983e-02 1.44981227e-08 9.53958333e-01 6.29327318e-04]
 [5.11702419e-05 9.99911904e-01 3.02689750e-05 6.63552828e-06]
 [7.98025634e-03 1.05059370e-02 9.81446981e-01 6.68456196e-05]
 [3.21432880e-10 5.56902614e-06 9.99994397e-01 1.52356438e-16]
 [1.05578556e-05 9.99890089e-01 9.93215363e-05 1.68640268e-10]
 [9.32404554e-09 1.25045396e-08 1.00000000e+00 1.10245469e-20]
 [7.23846679e-05 3.07375012e-05 9.99896884e-01 4.37334577e-08]
 [9.99982119e-01 2.89942719e-08 1.36843773e-05 4.19612797e-06]
 [4.21983481e-04 1.31458044e-03 9.98263061e-01 3.01072760e-07]
 [6.24009932e-04 9.88022536e-02 4.31378409e-02 8.57435882e-01]
 [9.99635935e-01 3.40049766e-04 2.39974597e-05 3.67127932e-13]
 [3.85620951e-05 1.04783714e-18 4.68965925e-12 9.99961495e-01]
 [1.43044406e-06 9.98654008e-01 1.34437985e-03 1.32481247e-07]
 [1.06693897e-03 4.38908552e-04 9.98494148e-01 2.05023074e-08]
 [4.73042428e-06 1.58551525e-12 7.06481873e-10 9.99995232e-01]
 [9.99529243e-01 3.80694942e-08 3.05329857e-04 1.65454621e-04]
 [9.92879808e-01 2.66964619e-08 8.50213291e-06 7.11163739e-03]
 [3.73546832e-10 6.41025901e-01 3.58974099e-01 8.03226285e-09]
 [7.22252693e-08 2.06946318e-11 4.87639156e-08 9.99999881e-01]
 [4.81794998e-02 3.08146218e-06 9.51817334e-01 1.07991333e-07]
 [4.02091920e-01 7.82617461e-03 5.05385399e-02 5.39543331e-01]
 [3.61973979e-03 8.64900940e-05 9.93752539e-01 2.54115695e-03]
 [6.94236279e-01 2.30868563e-01 7.42509663e-02 6.44207466e-04]
 [1.91909296e-03 8.10469151e-01 1.87594727e-01 1.70425847e-05]]
[61, 390, 177, 1, 310, 2, 213, 283, 331, 188, 355, 106, 302, 353, 63, 312, 105, 392, 242, 280, 274, 120, 128, 84, 215, 244, 399, 96, 320, 162, 108, 160, 223, 245, 10, 94, 370, 273, 191, 44, 371, 337, 388, 379, 198, 26, 249, 71, 142, 85, 146, 43, 352, 303, 24, 272, 6, 281, 254, 369, 225, 170, 41, 161, 277, 148, 228, 38, 256, 199, 360, 159, 154, 62, 236, 58, 67, 5, 163, 345]
[[0 3 1 0 3 0 2 2 3 1 3 1 3 3 0 3 1 3 2 2 2 1 1 0 2 2 3 0 3 1 1 1 2 2 0 0
  3 2 1 0 3 3 3 3 1 0 2 0 1 0 1 0 3 3 0 2 0 2 2 3 2 1 0 1 2 1 2 0 2 1 3 1
  1 0 2 0 0 0 1 3]]
Test loss:1.8266273498535157Test accuracy:0.725
[[9.99999762e-01 8.95128167e-08 9.72748424e-08 6.46223564e-09]
 [6.50058496e-09 8.65680531e-12 1.27971944e-08 1.00000000e+00]
 [9.51370537e-01 1.07505126e-02 1.62042596e-03 3.62585932e-02]
 [9.99700069e-01 2.92559689e-05 2.09547688e-05 2.49816920e-04]
 [2.76515113e-08 5.94037568e-23 2.95008107e-08 1.00000000e+00]
 [9.98962402e-01 9.20280581e-06 1.83821303e-05 1.01004343e-03]
 [5.32813829e-06 3.14232511e-06 9.99991298e-01 2.88269462e-07]
 [1.40166439e-05 3.12875163e-05 9.99954462e-01 2.29186583e-07]
 [1.75741718e-06 2.25834507e-09 1.09037765e-05 9.99987364e-01]
 [7.43622053e-08 9.99998212e-01 1.70468843e-06 7.85225940e-10]
 [1.01005361e-20 1.33709844e-20 2.33524739e-15 1.00000000e+00]
 [3.19233835e-02 7.01831102e-01 2.63611406e-01 2.63413787e-03]
 [4.51587553e-22 1.15639209e-24 6.83656194e-19 1.00000000e+00]
 [6.02406105e-14 9.12360533e-15 1.21645870e-11 1.00000000e+00]
 [9.64209795e-01 8.50012111e-06 1.76394749e-02 1.81422774e-02]
 [1.75741718e-06 2.25834507e-09 1.09037765e-05 9.99987364e-01]
 [9.67716396e-01 2.85335031e-04 3.06847356e-02 1.31357298e-03]
 [3.48200206e-24 2.72132592e-27 1.25310609e-20 1.00000000e+00]
 [5.88306552e-03 9.85395849e-01 8.71420186e-03 6.93069524e-06]
 [2.10118219e-06 8.27687199e-06 9.99989510e-01 1.26165219e-07]
 [5.13931084e-08 9.99998331e-01 1.95219869e-07 1.40172654e-06]
 [8.58855287e-07 9.99912500e-01 8.66656919e-05 8.68996874e-10]
 [1.80318114e-06 9.98134196e-01 1.86300476e-03 1.04809556e-06]
 [9.99732912e-01 4.79966431e-08 2.57250300e-04 9.78396929e-06]
 [8.49517807e-03 1.95362821e-01 7.96090007e-01 5.19681234e-05]
 [9.49555516e-01 1.25512884e-07 5.04312776e-02 1.31108827e-05]
 [1.63755665e-09 4.19238266e-23 1.00000000e+00 9.88468508e-12]
 [3.49464663e-03 2.36727903e-03 9.93094325e-01 1.04376907e-03]
 [1.45858399e-19 8.39400418e-15 1.00942706e-10 1.00000000e+00]
 [4.03175533e-01 5.13586938e-01 8.32374543e-02 5.28937854e-08]
 [5.68262994e-01 1.54237807e-01 2.68859327e-01 8.63991491e-03]
 [1.11663255e-07 9.99832153e-01 1.67716833e-04 1.46539118e-11]
 [4.87015404e-06 1.14077202e-05 9.99983430e-01 1.84177907e-07]
 [2.50568956e-01 4.79603041e-05 7.49209821e-01 1.73307155e-04]
 [9.99988079e-01 3.01328964e-06 2.67222231e-06 6.37263429e-06]
 [3.40202299e-04 9.99657035e-01 2.76106516e-06 1.02833225e-24]
 [1.73929173e-08 1.21123554e-11 1.90268042e-06 9.99998093e-01]
 [2.06328626e-03 4.54244685e-07 9.97904778e-01 3.15509715e-05]
 [9.25196491e-06 5.37739545e-02 7.20070500e-04 9.45496738e-01]
 [9.99988079e-01 3.01328964e-06 2.67222231e-06 6.37263429e-06]
 [1.79723219e-03 1.01172770e-06 3.47790727e-03 9.94723916e-01]
 [1.92709535e-01 2.02546042e-04 4.35401261e-01 3.71686637e-01]
 [9.50630531e-02 1.67196039e-02 8.88216972e-01 2.71823239e-07]
 [6.02406105e-14 9.12360533e-15 1.21645870e-11 1.00000000e+00]
 [1.42442959e-03 9.95109022e-01 3.27424216e-03 1.92244086e-04]
 [9.98461366e-01 3.84429093e-08 1.50374521e-03 3.49079128e-05]
 [1.25811272e-03 8.93883407e-06 9.98710990e-01 2.18862315e-05]
 [9.86361027e-01 2.85544753e-04 1.21655660e-02 1.18800113e-03]
 [1.24475989e-03 9.00550485e-01 1.48673460e-03 9.67179835e-02]
 [9.15168762e-01 3.36167548e-04 8.29931349e-02 1.50196895e-03]
 [4.52756765e-04 1.14340082e-01 8.85202408e-01 4.73203863e-06]
 [5.32371737e-02 8.31253588e-01 1.02601290e-01 1.29080173e-02]
 [1.17444010e-07 2.77308509e-09 4.72343208e-06 9.99995112e-01]
 [1.16874655e-18 4.39954670e-17 2.79583431e-13 1.00000000e+00]
 [9.98523295e-01 3.78976530e-08 1.44408969e-03 3.26049740e-05]
 [1.80970192e-01 8.00755242e-06 8.18946540e-01 7.52498599e-05]
 [1.00000000e+00 9.48262450e-17 3.99029629e-11 5.05935842e-13]
 [1.05245535e-05 6.56284630e-01 3.43704790e-01 1.19210009e-09]
 [1.20654004e-02 1.34957388e-01 8.52971435e-01 5.77629135e-06]
 [1.40904413e-10 2.77750184e-10 1.75171022e-06 9.99998212e-01]
 [1.35602954e-06 1.01711912e-07 9.99998569e-01 1.05557119e-10]
 [1.65884092e-04 9.99714434e-01 1.19699558e-04 4.63666296e-08]
 [9.96957660e-01 7.28504092e-05 2.89436034e-03 7.51262342e-05]
 [1.19664747e-07 9.95288730e-01 4.71111666e-03 1.44440926e-12]
 [1.23588189e-01 7.15903714e-02 8.03920269e-01 9.01141204e-04]
 [1.54578243e-04 2.71014520e-04 9.99568760e-01 5.62774767e-06]
 [4.12545819e-03 8.14392149e-01 1.81302041e-01 1.80373288e-04]
 [9.97074604e-01 7.98232834e-12 2.92539480e-03 2.57905661e-08]
 [2.88382929e-04 9.17868922e-04 9.98789489e-01 4.33044534e-06]
 [7.91848637e-04 1.12593442e-03 9.98079419e-01 2.82081123e-06]
 [6.84467899e-11 6.21018638e-15 1.03581632e-09 1.00000000e+00]
 [6.14114513e-04 2.44059503e-01 7.55319476e-01 6.94172832e-06]
 [1.35384291e-01 3.98962402e-06 8.64610076e-01 1.66677466e-06]
 [1.28239244e-02 9.50639427e-04 9.86225247e-01 2.10716237e-07]
 [3.23815329e-05 4.34741594e-07 9.99966383e-01 7.95325832e-07]
 [3.70967079e-08 1.79225594e-07 9.99999762e-01 1.48481421e-16]
 [9.96758401e-01 2.49628016e-08 3.24060372e-03 9.97402935e-07]
 [9.95440483e-01 1.11729414e-05 4.49736556e-03 5.10640421e-05]
 [1.74433691e-04 9.98788655e-01 1.02683378e-03 1.00754169e-05]
 [2.82431046e-07 3.37385592e-10 9.11071936e-07 9.99998808e-01]]
[268, 320, 56, 204, 312, 173, 63, 189, 74, 227, 154, 20, 115, 209, 348, 97, 26, 284, 336, 238, 282, 202, 94, 186, 340, 49, 43, 84, 2, 239, 235, 72, 114, 397, 361, 236, 210, 172, 363, 47, 138, 295, 262, 278, 119, 334, 286, 19, 261, 214, 198, 221, 260, 245, 288, 215, 386, 54, 219, 82, 100, 339, 15, 324, 130, 240, 254, 159, 141, 21, 292, 62, 326, 12, 280, 266, 390, 120, 76, 304]
[[2 3 0 2 3 1 0 1 0 2 1 0 1 2 3 0 0 2 3 2 2 2 0 1 3 0 0 0 0 2 2 0 1 3 3 2
  2 1 3 0 1 2 2 2 1 3 2 0 2 2 1 2 2 2 2 2 3 0 2 0 0 3 0 3 1 2 2 1 1 0 2 0
  3 0 2 2 3 1 0 3]]
Test loss:1.7172728538513184Test accuracy:0.7875
[[5.56418498e-04 2.12835032e-04 9.99230742e-01 2.28587205e-10]
 [2.74142362e-13 3.80737220e-05 7.64035667e-06 9.99954343e-01]
 [9.88073289e-01 2.82666483e-03 8.36227741e-03 7.37724535e-04]
 [1.15966992e-09 6.14069836e-17 9.99956131e-01 4.38927273e-05]
 [1.14358982e-05 2.46434784e-08 8.03386774e-06 9.99980450e-01]
 [5.68892222e-09 1.00000000e+00 5.75542947e-10 1.53183591e-13]
 [5.91290891e-01 1.28438915e-05 1.52027026e-01 2.56669343e-01]
 [7.71827672e-06 9.99992251e-01 8.53145465e-09 3.11470266e-10]
 [9.99958992e-01 2.06878546e-12 3.58242978e-05 5.07515460e-06]
 [2.39971541e-02 4.84196556e-04 9.75406826e-01 1.11875197e-04]
 [9.91683125e-01 1.35556363e-07 8.29655956e-03 2.01859584e-05]
 [9.99941230e-01 3.44277105e-08 1.12333209e-05 4.75968882e-05]
 [2.74099672e-04 1.11243734e-03 9.98613358e-01 1.04571200e-07]
 [1.88527986e-01 1.12953305e-04 8.11350048e-01 9.03761247e-06]
 [1.53894118e-12 8.16198590e-04 1.49808638e-10 9.99183834e-01]
 [1.00000000e+00 3.72073448e-11 1.90106222e-10 1.21341609e-11]
 [9.99589622e-01 4.28304254e-08 3.67483357e-04 4.29133252e-05]
 [2.60042399e-01 7.32306063e-01 7.56228808e-03 8.93005054e-05]
 [1.97275024e-14 1.00000000e+00 1.73423338e-08 8.78844011e-11]
 [5.41264005e-02 1.51401646e-05 9.45796728e-01 6.17225523e-05]
 [3.15071717e-02 7.52137005e-01 2.16355920e-01 1.10665058e-12]
 [1.41678480e-02 7.13165718e-05 9.85759139e-01 1.81928374e-06]
 [3.41301494e-08 1.00000000e+00 1.74417385e-17 6.28666861e-17]
 [2.05516049e-08 9.98667717e-01 1.33230491e-03 6.59166721e-09]
 [8.17255739e-08 1.53898909e-05 1.84998367e-04 9.99799550e-01]
 [1.00000000e+00 2.18214516e-10 2.36947795e-10 2.84294505e-10]
 [1.61792055e-01 7.44132757e-01 7.45742768e-02 1.95008256e-02]
 [9.99949217e-01 2.84755188e-08 2.57127485e-05 2.50729099e-05]
 [9.99959350e-01 3.12902534e-06 1.83117481e-06 3.57211829e-05]
 [1.77707921e-06 3.08049581e-04 9.99690175e-01 5.15537169e-10]
 [1.43443340e-05 5.46275871e-04 9.99438822e-01 5.91726064e-07]
 [8.43690991e-01 3.77735023e-06 1.56304926e-01 1.98073451e-07]
 [5.48596494e-04 9.99286711e-01 1.49466170e-04 1.52093307e-05]
 [3.61664726e-11 3.09265347e-09 1.89515941e-08 1.00000000e+00]
 [4.73312131e-04 3.58766956e-05 2.32793695e-06 9.99488473e-01]
 [1.17220618e-04 4.66978705e-08 9.99880672e-01 2.00523141e-06]
 [2.09277213e-01 7.03060746e-01 8.68616328e-02 8.00511334e-04]
 [2.91758683e-04 9.99627233e-01 8.06851313e-05 3.33847566e-07]
 [8.57147910e-17 2.90164651e-20 3.76614351e-19 1.00000000e+00]
 [6.46272480e-01 1.51258052e-06 2.54063196e-02 3.28319609e-01]
 [1.23527946e-06 9.99956489e-01 4.22825069e-05 4.84669336e-12]
 [3.00465852e-01 4.11091745e-02 6.51881576e-01 6.54339325e-03]
 [1.10163843e-10 8.17061002e-12 1.00000000e+00 7.66600228e-10]
 [2.25424841e-07 9.99999762e-01 1.89949798e-08 4.28598650e-11]
 [6.58591262e-06 9.99830842e-01 1.62599157e-04 6.11118889e-09]
 [9.23648091e-09 2.32427264e-14 3.81594230e-15 1.00000000e+00]
 [1.76606253e-02 4.38928828e-06 9.80535090e-01 1.79988029e-03]
 [9.67950761e-01 3.05445604e-02 1.47812278e-03 2.65168637e-05]
 [4.82902974e-02 1.81386497e-06 9.49111700e-01 2.59617716e-03]
 [3.70672520e-10 7.05801503e-05 2.80332507e-10 9.99929428e-01]
 [6.67627295e-03 9.93122399e-01 1.68042068e-04 3.34161741e-05]
 [9.01159465e-01 7.52932383e-09 7.29162842e-02 2.59241946e-02]
 [9.56596807e-02 6.82223663e-06 9.02246475e-01 2.08706013e-03]
 [1.82393149e-01 1.03528524e-04 8.17052782e-01 4.50595631e-04]
 [8.90367155e-05 9.99813139e-01 9.79092874e-05 1.92445215e-09]
 [9.67045315e-03 3.08855295e-01 6.81470335e-01 3.89499655e-06]
 [3.50296129e-15 3.24320150e-12 1.41673565e-13 1.00000000e+00]
 [1.00000000e+00 3.83877110e-18 5.66053981e-10 5.63227509e-08]
 [4.42049557e-11 5.39978266e-01 3.66823549e-08 4.60021615e-01]
 [1.00000000e+00 2.32475816e-16 8.32046563e-13 4.29775753e-08]
 [1.00000000e+00 9.12424563e-12 3.52393527e-12 1.41881262e-09]
 [2.34130630e-06 2.65378933e-02 7.74416003e-06 9.73452032e-01]
 [1.63208023e-01 5.70617616e-02 7.68477976e-01 1.12522095e-02]
 [3.67954422e-09 2.35556712e-14 2.87303931e-11 1.00000000e+00]
 [2.40260875e-03 9.97423887e-01 1.72055108e-04 1.44520186e-06]
 [1.33786120e-08 1.17400432e-05 9.99988198e-01 1.09655854e-10]
 [4.81804997e-01 1.20085943e-02 5.05836308e-01 3.50121816e-04]
 [3.89430003e-04 9.79310930e-01 2.02993378e-02 2.02625600e-07]
 [3.64712650e-06 9.99995470e-01 2.18779270e-08 8.58447493e-07]
 [6.14428699e-01 1.18290354e-05 1.37508065e-01 2.48051494e-01]
 [2.62132049e-01 5.74092269e-01 1.35991514e-01 2.77842116e-02]
 [9.78467345e-01 7.15658185e-04 2.08115447e-02 5.47658601e-06]
 [3.55426688e-18 9.28000198e-18 9.54091897e-20 1.00000000e+00]
 [2.82573879e-01 7.17423260e-01 2.81339339e-06 6.76680889e-09]
 [1.79779909e-05 1.86760590e-04 9.99794781e-01 5.11619078e-07]
 [5.71331680e-02 8.66505682e-01 7.05862343e-02 5.77485887e-03]
 [7.46975317e-08 9.37967694e-13 1.39421861e-08 9.99999881e-01]
 [2.80342774e-05 9.99880552e-01 9.14479970e-05 1.18315902e-09]
 [9.99959350e-01 3.12903126e-06 1.83117834e-06 3.57212521e-05]
 [1.12506754e-16 7.95375776e-19 6.86287456e-19 1.00000000e+00]]
[184, 279, 360, 146, 82, 107, 87, 53, 339, 205, 13, 34, 15, 177, 145, 167, 45, 240, 236, 314, 266, 208, 4, 5, 393, 140, 122, 221, 143, 305, 203, 188, 278, 307, 389, 223, 39, 155, 48, 185, 121, 206, 124, 232, 17, 357, 324, 304, 151, 52, 342, 384, 163, 249, 199, 351, 106, 241, 65, 138, 299, 228, 373, 345, 198, 196, 365, 222, 265, 264, 103, 262, 318, 289, 38, 343, 7, 287, 298, 111]
[[1 2 3 1 0 1 0 0 3 2 0 0 0 1 1 1 0 2 2 3 2 2 0 0 3 1 1 2 1 3 2 1 2 3 3 2
  0 1 0 1 1 2 1 2 0 3 3 3 1 0 3 3 1 2 1 3 1 2 0 1 2 2 3 3 1 1 3 2 2 2 1 2
  3 2 0 3 0 2 2 1]]
Test loss:1.2889811277389527Test accuracy:0.7625
[[7.35210233e-06 9.88667309e-01 1.13182040e-02 7.24595748e-06]
 [2.23491341e-04 1.08872738e-03 9.98542428e-01 1.45324331e-04]
 [9.85527104e-10 3.74542384e-13 4.18023366e-10 1.00000000e+00]
 [3.37814563e-04 7.04117119e-01 2.95525640e-01 1.93444466e-05]
 [9.99966979e-01 4.30314726e-14 3.86914875e-11 3.30192088e-05]
 [1.75880137e-04 9.99633193e-01 1.54733934e-04 3.61850471e-05]
 [9.98616815e-01 2.18515288e-05 9.98422969e-04 3.62895662e-04]
 [1.93358213e-03 6.28537888e-10 9.97840524e-01 2.25833894e-04]
 [1.42530666e-06 6.20970852e-04 1.35607814e-04 9.99242067e-01]
 [7.72551289e-07 9.85922694e-01 1.40764676e-02 4.68903272e-09]
 [9.22939360e-01 1.97414229e-05 7.68540427e-02 1.86878533e-04]
 [8.78172978e-06 7.25242913e-01 2.74652183e-01 9.60830876e-05]
 [5.69563359e-04 6.25188529e-01 3.47687960e-01 2.65539121e-02]
 [1.97364137e-01 3.65403271e-03 2.06564902e-03 7.96916246e-01]
 [6.17216556e-10 9.99967456e-01 3.24884968e-05 5.91259841e-09]
 [3.11954413e-03 3.41967570e-05 9.96833861e-01 1.23110558e-05]
 [9.96092141e-01 1.19266632e-08 2.67824544e-06 3.90514825e-03]
 [4.99255803e-10 5.87564841e-07 9.99999404e-01 1.10388990e-11]
 [1.23474001e-05 8.74834782e-08 9.99984622e-01 2.94574011e-06]
 [7.62656828e-06 1.67620183e-05 1.02790631e-02 9.89696622e-01]
 [1.95197701e-01 3.13152105e-01 4.06363547e-01 8.52866247e-02]
 [7.09481478e-01 7.57308630e-03 2.82305896e-01 6.39602251e-04]
 [9.99999881e-01 2.81645384e-11 1.72290715e-09 1.25711338e-07]
 [9.99428093e-01 3.03837919e-06 5.58428757e-04 1.03066113e-05]
 [1.16302566e-07 5.47029759e-15 7.90090748e-09 9.99999881e-01]
 [3.74256729e-07 9.99974012e-01 2.54854876e-05 7.59293570e-08]
 [4.92061414e-02 1.87594052e-02 9.30589259e-01 1.44517235e-03]
 [8.90384197e-01 4.65262673e-07 2.63960082e-02 8.32193494e-02]
 [6.81203630e-07 9.99940991e-01 5.79684165e-05 3.88079997e-07]
 [5.20614574e-18 4.54187740e-14 4.14127934e-16 1.00000000e+00]
 [1.74171430e-12 9.99986291e-01 1.36736726e-05 7.63601071e-10]
 [1.32542430e-08 9.99998450e-01 1.49047912e-06 2.90761948e-09]
 [3.46670204e-05 9.99889612e-01 7.56430818e-05 1.12363391e-11]
 [2.40591636e-09 6.25877544e-11 9.45851220e-09 1.00000000e+00]
 [2.70380355e-07 5.51165522e-06 2.47380871e-09 9.99994159e-01]
 [6.04220986e-06 1.37887037e-05 9.99979973e-01 2.76662178e-07]
 [1.00000000e+00 2.77077315e-16 9.07494635e-10 1.46727259e-12]
 [6.73800096e-05 9.99395967e-01 5.36574807e-04 9.61928245e-11]
 [9.99994874e-01 2.56410182e-09 3.49465427e-06 1.62253878e-06]
 [1.30119361e-05 9.99602258e-01 3.84788756e-04 3.86309283e-11]
 [1.00052775e-08 9.99999523e-01 4.96354971e-07 3.38381016e-13]
 [9.97343481e-01 1.63219127e-07 2.65361951e-03 2.81596931e-06]
 [5.91934986e-06 9.75684226e-01 2.42894385e-02 2.03652289e-05]
 [2.22271471e-03 6.19547963e-02 9.35729146e-01 9.33418851e-05]
 [9.22939360e-01 1.97414229e-05 7.68540427e-02 1.86878533e-04]
 [7.29585767e-11 5.39893447e-14 2.44859211e-12 1.00000000e+00]
 [9.65436016e-07 3.67052444e-14 1.68137522e-08 9.99999046e-01]
 [1.54368529e-17 1.33789881e-21 1.48314377e-17 1.00000000e+00]
 [1.80763558e-01 7.63717830e-01 3.56935412e-02 1.98250134e-02]
 [3.04651648e-01 3.68599762e-10 6.95348322e-01 3.98342017e-08]
 [1.59774277e-06 7.35336542e-14 2.26366170e-09 9.99998450e-01]
 [1.43518373e-05 7.74303658e-07 3.22765027e-06 9.99981642e-01]
 [9.21328727e-04 9.98740494e-01 3.21373896e-04 1.69570721e-05]
 [1.54146430e-04 3.10522853e-04 9.99413967e-01 1.21412224e-04]
 [2.48361789e-02 1.07526453e-02 9.64125276e-01 2.86001567e-04]
 [5.01760269e-07 1.93247433e-05 2.12878697e-02 9.78692353e-01]
 [1.59185624e-03 9.67495084e-01 3.07817385e-02 1.31413151e-04]
 [1.14481406e-06 9.86121118e-01 1.38635859e-02 1.40987413e-05]
 [3.70458931e-01 2.68780732e-05 6.29068851e-01 4.45323123e-04]
 [1.30119361e-05 9.99602258e-01 3.84788756e-04 3.86309283e-11]
 [3.07317241e-04 3.18214437e-03 9.96509254e-01 1.35087271e-06]
 [2.90918571e-04 5.11793613e-01 4.87792283e-01 1.23180551e-04]
 [1.43854173e-08 2.70128627e-16 7.39786756e-08 9.99999881e-01]
 [9.04668123e-04 1.49932275e-10 2.08938241e-06 9.99093294e-01]
 [2.48377706e-04 9.99408007e-01 3.14195408e-04 2.94664678e-05]
 [4.28271524e-05 9.98568535e-01 1.28248136e-03 1.06065367e-04]
 [3.44826200e-04 7.46163764e-16 3.23708726e-10 9.99655128e-01]
 [2.36253371e-04 8.46673327e-04 9.98914599e-01 2.54830070e-06]
 [4.75630299e-12 3.46094339e-07 9.99921799e-01 7.78234171e-05]
 [1.91279298e-07 9.94304597e-01 5.69516281e-03 4.96290742e-09]
 [9.06241803e-06 9.99406338e-01 5.83724526e-04 7.81361507e-07]
 [4.90513741e-10 8.30694698e-15 1.00000000e+00 4.15568913e-08]
 [3.77810793e-04 5.66586111e-09 8.61701778e-07 9.99621272e-01]
 [1.62498486e-06 3.04436833e-01 6.95561469e-01 9.38535816e-14]
 [9.99916792e-01 9.09314152e-11 8.31488142e-05 7.35233474e-09]
 [7.46424712e-06 1.49109916e-08 1.48353633e-04 9.99844193e-01]
 [9.96641636e-01 5.64942311e-04 8.90684838e-04 1.90274231e-03]
 [3.02887747e-05 2.22454946e-05 9.99946833e-01 6.55314636e-07]
 [3.83736071e-04 9.49109018e-01 5.04642986e-02 4.29094580e-05]
 [5.14175085e-08 1.00000000e+00 1.87277642e-08 1.43738428e-12]]
[166, 77, 18, 8, 153, 316, 161, 335, 377, 187, 147, 290, 62, 385, 374, 32, 337, 366, 132, 57, 393, 324, 20, 315, 254, 250, 150, 289, 170, 271, 307, 215, 281, 357, 246, 376, 311, 120, 130, 195, 350, 270, 4, 348, 298, 68, 194, 154, 42, 65, 121, 110, 331, 275, 35, 262, 301, 278, 299, 85, 41, 141, 223, 318, 180, 96, 363, 351, 101, 186, 325, 210, 43, 95, 238, 10, 94, 334, 71, 287]
[[1 0 0 0 1 3 1 3 3 1 1 2 0 3 3 0 3 3 1 0 3 3 0 3 2 2 1 2 1 2 3 2 2 3 2 3
  3 1 1 1 3 2 0 3 2 0 1 1 0 0 1 1 3 2 0 2 3 2 2 0 0 1 2 3 1 0 3 3 1 1 3 2
  0 0 2 0 0 3 0 2]]
Test loss:1.3845257759094238Test accuracy:0.8
[[3.40493148e-06 9.99992847e-01 3.73244552e-06 1.49700927e-08]
 [9.39244032e-01 5.34558843e-04 5.74990548e-02 2.72237230e-03]
 [5.01582801e-01 4.46691990e-01 3.33467536e-02 1.83784869e-02]
 [9.31359947e-01 6.93511993e-07 6.85346499e-02 1.04810111e-04]
 [3.15664639e-03 9.35522556e-01 2.64375433e-02 3.48833241e-02]
 [3.78921672e-10 1.99856640e-15 2.32411958e-06 9.99997735e-01]
 [2.17450224e-10 9.99958992e-01 4.09674503e-05 8.03613090e-14]
 [6.99058979e-21 1.55981574e-08 6.93024674e-07 9.99999285e-01]
 [9.81583376e-04 1.01703939e-07 9.32549483e-06 9.99009013e-01]
 [1.23843621e-03 9.90834951e-01 7.92561658e-03 9.36305184e-07]
 [9.51452606e-08 9.99998927e-01 9.09936318e-07 4.17985230e-11]
 [7.78323100e-11 1.00000000e+00 5.59625235e-08 8.66151805e-22]
 [3.01534593e-01 2.01709624e-02 6.78265691e-01 2.88189476e-05]
 [7.69860792e-13 3.31763790e-15 4.86797713e-10 1.00000000e+00]
 [5.77737296e-07 6.48981086e-07 2.09256485e-02 9.79073048e-01]
 [8.54815662e-01 5.66652432e-07 1.45174384e-01 9.30429087e-06]
 [1.24897569e-01 1.97491201e-04 7.12764785e-02 8.03628445e-01]
 [9.99999881e-01 3.48440654e-09 1.13377986e-07 2.72903255e-13]
 [6.06137794e-03 9.83582020e-01 1.03555638e-02 1.09736641e-06]
 [4.87489104e-02 8.31436137e-06 1.87297631e-02 9.32512999e-01]
 [8.55065423e-07 7.27045368e-10 2.92936306e-06 9.99996185e-01]
 [2.27104380e-08 2.41035020e-15 4.08172056e-08 9.99999881e-01]
 [4.86936085e-02 1.95192888e-06 8.49542953e-03 9.42808986e-01]
 [3.90030909e-05 3.96731359e-09 3.71170900e-05 9.99923825e-01]
 [7.97765553e-01 3.74527052e-02 1.64777920e-01 3.81474547e-06]
 [6.23067026e-04 6.02224492e-04 9.98773396e-01 1.25517352e-06]
 [3.28518553e-07 9.82776284e-01 1.72227733e-02 5.83511337e-07]
 [5.53156099e-08 7.49612506e-03 9.92503881e-01 3.34355400e-13]
 [2.37238113e-04 9.99615550e-01 1.46812934e-04 3.16638562e-07]
 [6.56626116e-06 3.67492099e-08 9.99993443e-01 1.76518125e-08]
 [1.25569818e-06 4.86515161e-10 3.26511599e-06 9.99995470e-01]
 [2.47145334e-04 1.00985527e-01 8.98765683e-01 1.58885996e-06]
 [5.65267466e-02 9.36055481e-01 7.41766440e-03 1.47629379e-07]
 [1.03905052e-07 2.06184909e-13 7.76116060e-10 9.99999881e-01]
 [1.52794144e-03 1.82577260e-05 9.98450398e-01 3.28144733e-06]
 [6.69668282e-07 2.08026492e-07 2.31554568e-05 9.99975920e-01]
 [1.41247699e-06 2.90462776e-14 2.37170316e-05 9.99974847e-01]
 [2.98248807e-07 9.99999404e-01 2.14927113e-07 1.78084565e-12]
 [4.20679658e-04 9.99507785e-01 6.92045578e-05 2.21492610e-06]
 [1.77528607e-04 9.85941947e-01 1.38651719e-02 1.53498404e-05]
 [6.67284700e-11 1.31281236e-10 1.32387190e-09 1.00000000e+00]
 [8.25570971e-02 9.40976888e-02 7.55959213e-01 6.73859864e-02]
 [9.99999523e-01 8.25470681e-12 4.70163741e-10 4.49680954e-07]
 [4.19582979e-11 6.09698418e-07 2.59961492e-08 9.99999404e-01]
 [3.58238280e-01 5.73532104e-01 6.82244003e-02 5.28446844e-06]
 [1.00000000e+00 3.15744956e-12 2.03076445e-11 4.95068049e-12]
 [1.35222124e-02 6.85296893e-01 3.01160038e-01 2.09205919e-05]
 [4.35439616e-01 9.76840311e-05 5.64325154e-01 1.37501542e-04]
 [9.94329810e-01 1.25769915e-07 5.53531293e-03 1.34774207e-04]
 [1.00044467e-01 9.98023643e-06 8.99938822e-01 6.74378816e-06]
 [5.69387204e-09 1.00000000e+00 2.33524006e-10 5.24668555e-15]
 [6.88564494e-09 1.00000000e+00 2.13556461e-09 1.30624813e-14]
 [2.86625218e-05 3.32105654e-09 2.97521110e-05 9.99941587e-01]
 [1.38201326e-01 1.85274333e-01 6.76523447e-01 9.16937552e-07]
 [8.96553755e-01 7.31038162e-03 8.85822549e-02 7.55362073e-03]
 [1.48100456e-12 4.90082819e-09 9.99999881e-01 9.60242730e-08]
 [1.43821069e-22 1.72348765e-22 2.56725843e-19 1.00000000e+00]
 [2.63647252e-07 9.99995470e-01 4.29314605e-06 1.22173438e-10]
 [5.64235402e-03 4.00520749e-02 9.54304993e-01 5.16856744e-07]
 [9.62931871e-01 4.71727049e-04 3.22861858e-02 4.31031873e-03]
 [9.98235226e-01 6.36477998e-05 1.37370883e-03 3.27387359e-04]
 [2.64205155e-04 9.99104083e-01 6.31663366e-04 2.56261572e-08]
 [3.57059844e-06 4.99640578e-07 9.99995947e-01 4.01738092e-08]
 [9.99999881e-01 3.48440654e-09 1.13377986e-07 2.72903255e-13]
 [3.50440219e-02 8.17639112e-01 1.31072029e-01 1.62447691e-02]
 [9.70570982e-01 6.72510592e-03 2.24902127e-02 2.13682157e-04]
 [2.62488819e-15 7.80499999e-21 8.75001975e-15 1.00000000e+00]
 [8.80619555e-05 1.40161559e-04 2.69304533e-02 9.72841263e-01]
 [1.87916169e-10 1.25682369e-01 8.74317586e-01 2.38398329e-11]
 [3.77158820e-08 9.95813549e-01 4.18644212e-03 4.84926499e-09]
 [4.90724486e-13 1.08389976e-17 8.94328218e-15 1.00000000e+00]
 [3.96789843e-03 1.67390198e-01 8.28506291e-01 1.35601658e-04]
 [7.79919177e-02 6.25883877e-01 2.44485870e-01 5.16383275e-02]
 [2.53435542e-06 2.76284316e-03 9.97234643e-01 2.25983521e-09]
 [1.09682605e-03 5.39190523e-06 9.98894036e-01 3.85016665e-06]
 [9.99968410e-01 3.13196288e-05 2.61725095e-08 2.79923370e-07]
 [3.04339975e-01 6.95288479e-01 3.71533009e-04 6.57480261e-16]
 [2.29152590e-07 1.58173686e-13 8.27858948e-10 9.99999762e-01]
 [9.88326132e-01 1.83110969e-04 1.06739476e-02 8.16882064e-04]
 [8.72616132e-04 1.89912760e-06 9.99123156e-01 2.41003568e-06]]
[91, 46, 240, 199, 274, 210, 47, 221, 25, 54, 353, 60, 265, 287, 223, 270, 119, 231, 112, 192, 133, 280, 208, 269, 154, 346, 127, 121, 374, 24, 209, 324, 344, 379, 144, 345, 26, 203, 298, 186, 263, 155, 286, 4, 341, 370, 277, 1, 145, 111, 311, 304, 163, 173, 99, 332, 226, 316, 197, 228, 43, 3, 288, 36, 243, 92, 172, 340, 281, 211, 22, 84, 12, 6, 150, 259, 117, 141, 352, 78]
[[0 0 2 1 2 2 0 2 0 0 3 0 2 2 2 2 1 2 1 1 1 2 2 2 1 3 1 1 3 0 2 3 3 3 1 3
  0 2 2 1 2 1 2 0 3 3 2 0 1 1 3 3 1 1 0 3 2 3 1 2 0 0 2 0 2 0 1 3 2 2 0 0
  0 0 1 2 1 1 3 0]]
Test loss:0.8185685634613037Test accuracy:0.8375
[[9.96503353e-01 4.97155828e-09 3.49458773e-03 1.96616202e-06]
 [9.02268529e-01 8.47744959e-05 9.68958437e-02 7.50843843e-04]
 [3.25689875e-08 8.54528309e-07 9.99999166e-01 1.23771882e-10]
 [7.10774399e-03 8.55231937e-03 9.84261751e-01 7.80976989e-05]
 [1.90473056e-05 9.88506794e-01 1.13890534e-02 8.50826473e-05]
 [6.38258317e-03 1.71709523e-01 8.21880996e-01 2.69339071e-05]
 [7.31668174e-01 6.67029143e-09 2.32439741e-01 3.58920917e-02]
 [6.95458412e-01 2.41453240e-08 1.23402566e-01 1.81138992e-01]
 [5.42346537e-02 9.02855489e-03 9.36713755e-01 2.29727630e-05]
 [9.99999404e-01 1.51453387e-14 5.88848366e-07 3.82088938e-09]
 [2.12979225e-13 1.82588563e-13 6.54742493e-12 1.00000000e+00]
 [9.83466804e-01 3.81332729e-03 8.33306089e-03 4.38683433e-03]
 [2.16400986e-12 3.26590339e-06 9.99982953e-01 1.38097348e-05]
 [8.62626068e-04 9.27694771e-07 9.99135315e-01 1.14649436e-06]
 [4.65314486e-04 8.21160029e-06 9.99526262e-01 1.94098206e-07]
 [4.79332581e-02 6.51265159e-02 8.75473619e-01 1.14665171e-02]
 [6.17509941e-05 9.99324441e-01 6.13789307e-04 6.89314774e-08]
 [9.23994638e-04 1.61229574e-09 9.99076009e-01 4.16149781e-08]
 [1.28135058e-09 9.99908566e-01 9.14012926e-05 6.25838201e-11]
 [1.21652347e-03 9.41260517e-01 5.73882721e-02 1.34632486e-04]
 [9.44136082e-06 9.99964118e-01 2.65076287e-05 2.03315247e-11]
 [5.42806390e-07 8.03696082e-07 9.99998689e-01 1.61702083e-08]
 [1.06931850e-01 2.42953859e-02 8.61175835e-01 7.59693701e-03]
 [2.64025573e-03 3.67231347e-04 9.96988714e-01 3.82297776e-06]
 [1.27907827e-01 3.21339303e-06 8.72084677e-01 4.29201418e-06]
 [6.82414202e-06 3.28801586e-09 8.05225791e-05 9.99912620e-01]
 [9.74184150e-05 9.99543071e-01 3.59162659e-04 3.98000793e-07]
 [6.38710915e-08 9.99999642e-01 2.48759363e-07 2.62076276e-13]
 [9.00880550e-04 1.41258192e-06 4.70263213e-01 5.28834522e-01]
 [9.97275531e-01 3.42582673e-09 2.71759159e-03 6.86880776e-06]
 [1.87966332e-01 5.65781593e-05 8.11968863e-01 8.22452057e-06]
 [1.77142905e-08 1.76401525e-15 3.25419443e-08 1.00000000e+00]
 [1.32824382e-04 1.01922487e-04 1.79693714e-01 8.20071459e-01]
 [2.12979225e-13 1.82588563e-13 6.54742493e-12 1.00000000e+00]
 [1.69015657e-05 9.99936581e-01 4.39805262e-05 2.45797082e-06]
 [1.42770004e-05 1.23936820e-12 4.04403266e-07 9.99985337e-01]
 [9.97191489e-01 3.56589092e-09 2.80147605e-03 7.05394632e-06]
 [5.49174128e-09 9.99774039e-01 2.25919168e-04 2.59099825e-10]
 [1.17803551e-01 6.82963252e-01 1.82193741e-01 1.70394462e-02]
 [3.00022798e-08 9.84564424e-01 1.54356062e-02 5.44978356e-08]
 [4.00757883e-04 3.89453226e-06 9.99589503e-01 5.85968155e-06]
 [2.93870416e-05 9.99464929e-01 5.05613745e-04 4.82936521e-12]
 [1.61976228e-03 3.70454984e-07 9.98152316e-01 2.27449913e-04]
 [9.99998808e-01 4.83186191e-12 1.49283164e-09 1.15349235e-06]
 [3.86885256e-01 6.37912612e-09 1.93959486e-03 6.11175120e-01]
 [9.67087477e-09 2.95457651e-11 1.67347309e-06 9.99998331e-01]
 [7.15329172e-03 3.61697853e-01 6.31121695e-01 2.72671841e-05]
 [9.99781072e-01 5.06463366e-05 1.39200871e-04 2.90500084e-05]
 [2.24801688e-08 9.99982476e-01 1.74705074e-05 1.54027635e-09]
 [1.33275876e-06 9.99980688e-01 1.80131556e-05 9.48635961e-11]
 [1.64330871e-07 1.14045041e-14 1.07566541e-06 9.99998808e-01]
 [1.94546139e-18 3.04553135e-20 1.68150069e-17 1.00000000e+00]
 [3.00784974e-04 9.99512434e-01 1.70589934e-04 1.61676417e-05]
 [1.85038518e-09 1.00000000e+00 1.79642061e-08 6.84184246e-16]
 [9.99999642e-01 1.39447204e-14 3.09744024e-07 3.64176458e-08]
 [9.30179198e-12 1.22920207e-12 1.31113329e-10 1.00000000e+00]
 [3.32058744e-06 1.95705070e-05 9.99977112e-01 1.22718058e-08]
 [2.25988020e-10 6.35131932e-16 1.90543361e-07 9.99999762e-01]
 [3.20109336e-07 9.95237231e-01 4.76233894e-03 1.82431670e-08]
 [5.76057471e-04 8.72223258e-01 1.27154052e-01 4.66612328e-05]
 [4.85617295e-02 8.26449573e-01 1.18130304e-01 6.85839774e-03]
 [9.99996543e-01 3.09712434e-12 1.37383427e-09 3.50081450e-06]
 [8.92525804e-06 9.99869108e-01 1.21887817e-04 1.98370631e-09]
 [1.31672770e-01 3.28098424e-04 2.21528113e-03 8.65783930e-01]
 [8.74060497e-05 8.44459422e-03 9.91467714e-01 2.18641233e-07]
 [9.89517152e-01 5.36212852e-08 1.02321440e-02 2.50659446e-04]
 [3.58306919e-04 9.99510407e-01 1.30999790e-04 3.58095917e-07]
 [4.67319069e-06 5.53666905e-06 7.72474660e-03 9.92265105e-01]
 [1.57236189e-01 7.80742168e-01 6.20216429e-02 1.12566738e-08]
 [1.61908883e-05 3.75533098e-04 9.99608338e-01 5.75518655e-09]
 [9.08041358e-01 9.57790180e-05 9.10625160e-02 8.00287758e-04]
 [9.99574006e-01 5.68462299e-09 4.24490252e-04 1.50416145e-06]
 [1.66018424e-03 9.98311758e-01 2.79736669e-05 1.22123424e-07]
 [1.00000000e+00 6.91153542e-14 1.39600353e-09 2.30356645e-09]
 [7.53480407e-08 9.99805391e-01 1.94431384e-04 7.40217203e-08]
 [2.07557704e-08 2.20470118e-11 9.98819649e-01 1.18030061e-03]
 [7.46783599e-06 9.99936700e-01 5.57491439e-05 1.28684174e-08]
 [1.93151500e-05 9.98883069e-01 1.09301577e-03 4.63874039e-06]
 [2.47604746e-08 8.85570006e-10 1.44533288e-07 9.99999881e-01]
 [9.48047221e-01 1.31352269e-03 4.63009290e-02 4.33830777e-03]]
[213, 334, 29, 236, 77, 244, 217, 16, 373, 259, 336, 123, 167, 305, 366, 386, 309, 227, 245, 226, 250, 188, 385, 176, 166, 175, 232, 342, 192, 139, 208, 55, 340, 328, 288, 94, 133, 52, 177, 17, 211, 262, 14, 343, 283, 45, 246, 74, 54, 400, 207, 302, 96, 349, 26, 286, 75, 394, 31, 62, 99, 174, 57, 58, 374, 225, 53, 146, 361, 338, 370, 200, 71, 145, 313, 156, 115, 351, 65, 39]
[[2 3 0 2 0 2 2 0 3 2 3 1 1 3 3 3 3 2 2 2 2 1 3 1 1 1 2 3 1 1 2 0 3 3 2 0
  1 0 1 0 2 2 0 3 2 0 2 0 0 3 2 3 0 3 0 2 0 3 0 0 0 1 0 0 3 2 0 1 3 3 3 1
  0 1 3 1 1 3 0 0]]
Test loss:1.5575597763061524Test accuracy:0.75
[[6.61523518e-05 3.33889329e-05 9.99900103e-01 3.51638164e-07]
 [1.47161421e-08 8.36836365e-15 8.02149902e-10 1.00000000e+00]
 [9.74408329e-01 3.39884464e-05 1.53851453e-02 1.01724183e-02]
 [1.23230697e-04 1.24093589e-08 9.99874115e-01 2.67763926e-06]
 [9.74791825e-01 9.16733872e-04 2.20837127e-02 2.20773323e-03]
 [1.70874238e-01 2.16459313e-08 8.29116583e-01 9.12197356e-06]
 [1.29771918e-01 6.61711267e-04 4.99954796e-04 8.69066417e-01]
 [9.99990702e-01 4.54065185e-09 5.11622420e-06 4.19473145e-06]
 [7.69732333e-11 9.48203547e-19 2.24497967e-08 1.00000000e+00]
 [7.72723621e-11 1.67480930e-17 9.99999046e-01 9.69474399e-07]
 [5.70478977e-11 9.99673605e-01 3.14108096e-04 1.22280926e-05]
 [1.45329833e-01 8.51338267e-01 2.90249265e-03 4.29387903e-04]
 [1.94847198e-05 1.29619958e-02 9.87018287e-01 2.90668595e-07]
 [1.43561835e-14 6.69250017e-19 6.81017959e-12 1.00000000e+00]
 [2.53978622e-04 1.64092333e-11 2.50671379e-04 9.99495387e-01]
 [7.57149961e-15 2.02650482e-18 1.15379821e-14 1.00000000e+00]
 [2.47510756e-16 3.04252236e-21 2.65966448e-13 1.00000000e+00]
 [2.77253948e-05 3.39178405e-05 9.99937415e-01 9.81067160e-07]
 [1.40966639e-01 7.67534220e-06 8.57996106e-01 1.02971063e-03]
 [6.61523518e-05 3.33889329e-05 9.99900103e-01 3.51638164e-07]
 [7.80321378e-03 1.05872443e-02 9.81590569e-01 1.89206239e-05]
 [1.33678284e-07 9.99999523e-01 3.03088626e-07 1.12697607e-09]
 [8.30647535e-14 1.25865443e-19 7.48286456e-14 1.00000000e+00]
 [6.28570668e-11 9.13523036e-06 9.99990821e-01 7.27052086e-15]
 [4.74083620e-11 1.00000000e+00 6.37236042e-09 8.71985956e-16]
 [1.01293446e-10 9.99720752e-01 2.79241271e-04 4.89920292e-11]
 [1.11169054e-03 3.00925951e-02 9.68776524e-01 1.92251864e-05]
 [1.53315443e-06 2.61586792e-15 2.51946268e-08 9.99998450e-01]
 [6.56992124e-05 9.92801785e-01 7.13164965e-03 9.03052239e-07]
 [6.36322329e-06 9.99877810e-01 1.15908668e-04 3.27503464e-08]
 [6.62815213e-01 8.64117034e-03 3.27803224e-01 7.40345626e-04]
 [1.00000000e+00 7.70003940e-15 2.99247671e-12 5.54426580e-16]
 [3.70290254e-05 3.15848240e-07 9.40080790e-05 9.99868631e-01]
 [5.25225126e-08 2.58794903e-17 2.24949637e-09 1.00000000e+00]
 [1.47883460e-04 9.95465219e-01 4.38691955e-03 5.02063356e-11]
 [9.90534961e-01 9.46501922e-03 2.51175331e-10 8.07091954e-24]
 [1.28556610e-04 9.99751627e-01 1.19722157e-04 6.77249853e-11]
 [9.33403671e-01 2.08045248e-10 6.65963367e-02 1.96496333e-10]
 [1.74957424e-01 9.22982988e-04 1.69830415e-02 8.07136536e-01]
 [9.98369157e-01 2.22529906e-07 1.59572705e-03 3.48621725e-05]
 [2.87917297e-04 1.46235499e-04 9.99564707e-01 1.12131727e-06]
 [9.74671529e-14 4.01923958e-18 1.00000000e+00 2.55825617e-14]
 [1.40111937e-04 8.90126109e-01 3.91908623e-02 7.05429912e-02]
 [2.66700249e-06 3.25591620e-09 4.19458171e-04 9.99577820e-01]
 [2.50946643e-04 2.69132834e-02 9.72835183e-01 5.34593823e-07]
 [9.85757947e-01 1.06027753e-09 1.11241963e-04 1.41307563e-02]
 [2.01485309e-05 7.43499095e-06 9.99971986e-01 4.63355804e-07]
 [9.96318817e-01 7.20419058e-09 3.67634045e-03 4.85919691e-06]
 [9.99999166e-01 6.96982446e-12 8.54137227e-07 6.11359074e-10]
 [8.59153032e-01 7.82005861e-03 4.78237867e-03 1.28244460e-01]
 [6.07517175e-03 6.90913737e-01 3.02896649e-01 1.14370239e-04]
 [1.63455258e-19 9.20022897e-27 1.43838227e-20 1.00000000e+00]
 [1.28796382e-04 2.10834071e-02 9.78695691e-01 9.21597530e-05]
 [3.83186649e-10 1.96105836e-16 4.11839540e-09 1.00000000e+00]
 [9.97674406e-01 1.17598926e-08 2.28246907e-03 4.32240413e-05]
 [7.72328465e-04 1.32110841e-07 9.98901844e-01 3.25643894e-04]
 [9.97156143e-01 1.03541558e-08 2.83840043e-03 5.51138100e-06]
 [2.24138774e-09 3.93316652e-16 4.97628548e-07 9.99999523e-01]
 [9.99986172e-01 5.92361777e-15 1.38072110e-05 3.59891249e-11]
 [6.49154768e-04 1.90859067e-03 9.97441292e-01 9.22690731e-07]
 [9.99998808e-01 4.53702356e-14 1.02446779e-06 1.19199079e-07]
 [8.26293468e-01 7.90906022e-04 1.58699661e-01 1.42159909e-02]
 [9.73138332e-01 6.72064630e-07 1.27825765e-02 1.40783442e-02]
 [1.69346525e-12 2.69674394e-10 1.00000000e+00 7.83077514e-19]
 [6.34180481e-07 2.08405424e-07 9.60488975e-01 3.95102389e-02]
 [1.40761438e-06 8.06740417e-08 9.99998569e-01 1.17236498e-09]
 [2.89110340e-05 1.68004419e-07 9.99950409e-01 2.05259148e-05]
 [2.09808917e-04 3.56556296e-01 6.43229067e-01 4.83146459e-06]
 [3.98596050e-03 5.25917709e-09 3.75654936e-01 6.20359063e-01]
 [1.97776558e-06 1.16942635e-06 3.75742129e-05 9.99959230e-01]
 [6.11771567e-09 5.96328813e-14 7.74813813e-08 9.99999881e-01]
 [7.20108390e-01 1.12561427e-01 1.64230719e-01 3.09956167e-03]
 [9.74279881e-01 1.39225333e-04 2.27294620e-02 2.85141752e-03]
 [6.65524968e-10 9.99899387e-01 1.00642479e-04 5.36859099e-11]
 [1.12575990e-14 3.53333843e-19 4.49180428e-15 1.00000000e+00]
 [2.61603939e-09 1.00000000e+00 3.26989658e-09 2.75091023e-16]
 [1.24655508e-05 7.25858286e-03 9.92728889e-01 2.48372301e-09]
 [1.08915039e-07 3.64311892e-09 5.58665988e-06 9.99994278e-01]
 [2.38757610e-01 1.81269883e-07 7.61170149e-01 7.20914977e-05]
 [1.00000000e+00 1.18041199e-14 4.50684468e-09 2.89451666e-12]]
[74, 316, 286, 102, 8, 309, 340, 313, 310, 68, 115, 223, 300, 178, 33, 103, 319, 325, 182, 97, 5, 87, 352, 365, 392, 349, 24, 57, 32, 177, 369, 19, 29, 111, 156, 215, 295, 383, 320, 17, 183, 3, 26, 238, 368, 126, 308, 169, 372, 85, 237, 141, 332, 363, 289, 381, 297, 147, 220, 247, 130, 228, 291, 112, 346, 50, 175, 4, 167, 153, 199, 298, 328, 282, 371, 134, 16, 116, 31, 241]
[[0 3 2 1 0 3 3 3 3 0 1 2 2 1 0 1 3 3 1 0 0 0 3 3 3 3 0 0 0 1 3 0 0 1 1 2
  2 3 3 0 1 0 0 2 3 1 3 1 3 0 2 1 3 3 2 3 2 1 2 2 1 2 2 1 3 0 1 0 1 1 1 2
  3 2 3 1 0 1 0 2]]
Test loss:1.1257768392562866Test accuracy:0.85
[[9.99878764e-01 3.80053820e-08 1.15943054e-04 5.24016332e-06]
 [8.83744811e-09 3.37557949e-17 2.71393468e-08 1.00000000e+00]
 [1.27048818e-02 3.50279988e-05 9.86062229e-01 1.19778397e-03]
 [1.08233572e-03 9.83022511e-01 1.58948470e-02 3.00383846e-07]
 [9.98740613e-01 4.13764747e-06 4.26098792e-04 8.29131925e-04]
 [2.31709552e-12 4.51344691e-11 2.50447568e-15 1.00000000e+00]
 [6.88027218e-03 2.14219176e-06 2.82693305e-03 9.90290701e-01]
 [7.28019173e-11 7.35589087e-17 6.67640812e-12 1.00000000e+00]
 [4.57937085e-06 1.19513733e-13 1.14440381e-10 9.99995470e-01]
 [1.00000000e+00 9.58598833e-17 1.59534675e-14 9.61443633e-11]
 [3.93510377e-03 4.11585927e-01 5.84475815e-01 3.14278941e-06]
 [1.50887383e-04 1.88738952e-04 9.99658704e-01 1.61938272e-06]
 [4.28263331e-04 4.66782515e-11 2.87227385e-06 9.99568880e-01]
 [3.11957992e-05 9.91875350e-01 8.04596767e-03 4.75884262e-05]
 [1.03629304e-06 8.95898078e-11 9.99998927e-01 1.48026673e-15]
 [1.35614572e-03 9.96834815e-01 1.80880318e-03 1.90978341e-07]
 [6.85351938e-02 3.53498647e-10 9.31331396e-01 1.33398396e-04]
 [6.78465140e-12 1.31812430e-17 2.81910194e-16 1.00000000e+00]
 [3.06896982e-03 8.68972003e-01 1.27959028e-01 7.44412034e-08]
 [6.39009714e-01 5.70253534e-13 3.60990256e-01 6.01241865e-08]
 [9.99912381e-01 2.16326112e-06 8.08804325e-05 4.57410670e-06]
 [9.99078751e-01 2.66668667e-05 7.05370563e-04 1.89129321e-04]
 [1.86160491e-07 4.10879863e-09 9.57333128e-08 9.99999762e-01]
 [3.29606864e-03 3.31458493e-14 3.73832666e-11 9.96703923e-01]
 [2.47673773e-19 1.09049006e-24 5.76519765e-21 1.00000000e+00]
 [9.03277986e-09 7.25428629e-18 2.68022188e-10 1.00000000e+00]
 [9.99903798e-01 5.08547482e-10 8.90362135e-05 7.09670076e-06]
 [9.99721587e-01 3.52189488e-07 6.39686259e-05 2.14050859e-04]
 [9.92453992e-01 4.24365425e-07 7.54376408e-03 1.78463563e-06]
 [8.12410653e-01 2.18340941e-02 1.50790860e-04 1.65604383e-01]
 [1.52009008e-07 2.17887111e-10 3.65942071e-07 9.99999523e-01]
 [9.29076731e-01 2.40117908e-02 4.33620103e-02 3.54945729e-03]
 [9.99277532e-01 9.24399592e-06 2.07104647e-04 5.06018871e-04]
 [5.41128884e-07 9.99999046e-01 3.02105860e-07 1.08837522e-10]
 [9.24128662e-10 1.00000000e+00 2.28016770e-08 2.18199393e-15]
 [4.88108443e-03 8.74951631e-02 9.07620668e-01 3.01082878e-06]
 [1.85909092e-01 3.88184227e-02 7.70867944e-01 4.40452574e-03]
 [1.46362167e-09 3.37950317e-13 7.03972228e-11 1.00000000e+00]
 [2.05147834e-12 6.51188046e-08 8.76151862e-09 9.99999881e-01]
 [9.99804556e-01 2.42464978e-07 1.70884538e-04 2.42652386e-05]
 [8.09086312e-04 8.97475064e-01 1.01709343e-01 6.47576735e-06]
 [9.99987841e-01 1.01281180e-12 1.78073167e-10 1.21121757e-05]
 [9.99903917e-01 5.24459420e-10 8.86839480e-05 7.34812966e-06]
 [2.40522949e-03 1.79720882e-05 9.97548640e-01 2.82162036e-05]
 [5.59375403e-05 2.75009455e-07 5.59200225e-06 9.99938250e-01]
 [5.75077708e-10 1.00000000e+00 1.38823504e-08 1.16427622e-15]
 [5.15150769e-12 5.23089538e-16 1.52391012e-12 1.00000000e+00]
 [5.65829432e-05 9.99352038e-01 5.88970492e-04 2.40408804e-06]
 [8.05756883e-09 4.66028561e-17 2.64372453e-08 1.00000000e+00]
 [9.95097578e-01 5.06857119e-04 3.13313538e-03 1.26234896e-03]
 [6.08931405e-05 5.78807341e-03 9.93914425e-01 2.36662905e-04]
 [2.90224125e-05 9.99955058e-01 1.47629717e-05 1.20855236e-06]
 [7.83926923e-10 5.70675234e-14 4.92592980e-11 1.00000000e+00]
 [1.98217638e-17 4.09510791e-24 3.24032268e-18 1.00000000e+00]
 [2.74074807e-09 2.80220830e-03 9.97197747e-01 3.79804322e-14]
 [7.83926923e-10 5.70675234e-14 4.92592980e-11 1.00000000e+00]
 [2.07528961e-03 2.71631754e-03 9.95208442e-01 1.17640189e-10]
 [1.02413776e-06 9.99937892e-01 6.09897033e-05 1.83046578e-09]
 [5.48679288e-03 5.45453455e-04 9.93967772e-01 2.36690472e-08]
 [2.31947154e-02 1.92508078e-03 9.74814475e-01 6.57628916e-05]
 [5.22257586e-04 9.99393225e-01 8.04673909e-05 3.99754163e-06]
 [7.30453685e-05 7.42295027e-01 2.57611692e-01 2.03026611e-05]
 [6.36202574e-01 3.63517523e-01 2.79581989e-04 2.84213570e-07]
 [1.42255521e-05 9.99957323e-01 2.84782382e-05 3.30781874e-10]
 [3.99219058e-03 6.47727605e-09 2.01865396e-06 9.96005833e-01]
 [9.99609530e-01 2.80172331e-04 1.09470195e-04 7.93399920e-07]
 [5.29927391e-08 9.76697087e-01 2.33029705e-02 4.56772120e-11]
 [9.99993563e-01 1.73140278e-12 2.79911289e-10 6.48786272e-06]
 [3.03595425e-05 2.59770587e-07 9.99962211e-01 7.14541511e-06]
 [2.68031657e-01 4.09222722e-01 3.14772828e-03 3.19597930e-01]
 [3.47004980e-01 7.10218251e-02 5.79763591e-01 2.20958935e-03]
 [5.43793514e-02 5.90814114e-01 3.42825323e-01 1.19811837e-02]
 [8.78335641e-07 2.20225878e-18 2.96579344e-10 9.99999166e-01]
 [2.88518572e-06 9.98045087e-01 1.95209251e-03 8.28136795e-11]
 [4.28182597e-04 7.15044052e-07 1.22339360e-03 9.98347759e-01]
 [1.01053126e-06 9.98751760e-01 1.24082586e-03 6.43050817e-06]
 [9.99999762e-01 1.54997459e-10 1.00406716e-07 1.61248664e-07]
 [8.44391161e-06 9.99940038e-01 5.14475178e-05 2.45149678e-08]
 [6.39009953e-01 5.70254835e-13 3.60990018e-01 6.01243215e-08]
 [2.25734501e-03 9.97739077e-01 3.33602497e-06 2.70863666e-07]]
[158, 56, 359, 316, 384, 12, 115, 43, 291, 192, 251, 383, 60, 84, 31, 156, 49, 265, 212, 270, 328, 364, 21, 228, 138, 126, 363, 117, 191, 54, 102, 240, 298, 358, 9, 304, 336, 365, 372, 188, 153, 254, 190, 47, 24, 225, 220, 219, 390, 130, 92, 321, 380, 361, 76, 355, 61, 400, 200, 119, 255, 282, 194, 150, 66, 385, 70, 107, 58, 231, 338, 262, 295, 3, 341, 1, 263, 376, 195, 11]
[[1 0 3 3 3 0 1 0 2 1 2 3 0 0 0 1 0 2 2 2 3 3 0 2 1 1 3 1 1 0 1 2 2 3 0 3
  3 3 3 1 1 2 1 0 0 2 2 2 3 1 0 3 3 3 0 3 0 3 1 1 2 2 1 1 0 3 0 1 0 2 3 2
  2 0 3 0 2 3 1 0]]
Test loss:1.0387792229652404Test accuracy:0.85
[[5.57704539e-07 9.84382331e-01 1.56170735e-02 2.20495853e-08]
 [9.70289528e-01 3.69903911e-03 2.24891100e-02 3.52234906e-03]
 [3.68063024e-06 1.66810912e-06 9.46743339e-02 9.05320287e-01]
 [5.90101801e-10 4.75143471e-13 3.26379723e-06 9.99996781e-01]
 [1.79805488e-06 4.10928379e-07 1.25087216e-04 9.99872684e-01]
 [1.67340487e-01 8.32396328e-01 2.39322020e-04 2.37712338e-05]
 [1.79954641e-03 1.16754714e-02 9.86524940e-01 3.97846343e-08]
 [5.00916466e-02 5.03861606e-01 3.44962120e-01 1.01084709e-01]
 [4.47985567e-02 9.37875628e-01 1.73240546e-02 1.80956863e-06]
 [8.13124643e-05 8.20519626e-01 1.79394603e-01 4.50542666e-06]
 [5.29894559e-03 7.56261352e-06 9.94565368e-01 1.28141080e-04]
 [1.37109227e-10 5.09282408e-11 1.05591411e-08 1.00000000e+00]
 [9.88420486e-01 1.07924489e-03 1.00688729e-02 4.31462890e-04]
 [9.99131978e-01 6.42915339e-08 8.36353865e-04 3.15296929e-05]
 [9.99988437e-01 1.02229778e-11 1.15547273e-05 1.81630155e-10]
 [2.32450059e-08 9.99999642e-01 3.34873874e-07 5.44779066e-13]
 [9.99984860e-01 3.54165104e-06 2.57843476e-06 8.88673549e-06]
 [3.86543092e-13 8.40265102e-09 9.77896094e-01 2.21038461e-02]
 [3.21254338e-05 9.64093138e-04 9.99003828e-01 2.15161116e-08]
 [9.81968343e-02 1.48112163e-01 7.11316109e-01 4.23748307e-02]
 [4.84925124e-07 6.72643636e-14 4.47963913e-07 9.99999046e-01]
 [3.14377253e-08 1.29864693e-13 8.24717361e-08 9.99999881e-01]
 [9.88583326e-01 5.60563694e-06 5.46594011e-03 5.94511395e-03]
 [1.96006935e-04 4.34995681e-01 5.64780593e-01 2.76762385e-05]
 [1.30851222e-05 9.99929547e-01 5.73516663e-05 1.15354263e-11]
 [1.49807935e-08 9.99999762e-01 2.24627172e-07 3.12358565e-13]
 [2.10053810e-18 1.00956828e-20 9.75765676e-17 1.00000000e+00]
 [5.15828151e-06 9.99442875e-01 5.51991339e-04 1.05466187e-08]
 [1.00135686e-08 9.97841358e-01 5.56191815e-10 2.15861318e-03]
 [9.99999046e-01 3.21433302e-09 9.82028268e-07 7.00914837e-09]
 [2.70735618e-05 9.99265611e-01 7.06484483e-04 8.51628386e-07]
 [3.93054016e-08 1.06432253e-06 9.99998927e-01 3.34722583e-09]
 [8.08050763e-03 6.90400600e-01 2.96854913e-01 4.66396986e-03]
 [2.41677071e-07 9.99990463e-01 9.28751433e-06 1.70262943e-10]
 [9.99999285e-01 1.31505004e-07 3.40450981e-07 2.01765175e-07]
 [2.82596563e-20 4.96152205e-20 1.16039527e-17 1.00000000e+00]
 [1.27844638e-10 9.99623775e-01 3.76063952e-04 1.30375298e-07]
 [6.25824905e-04 5.60837963e-15 4.56900295e-10 9.99374211e-01]
 [4.11022966e-10 4.53916662e-13 2.45331489e-06 9.99997497e-01]
 [1.27330742e-08 9.99998927e-01 1.03016794e-06 1.75314774e-09]
 [1.02392701e-03 9.87472415e-01 4.45331912e-03 7.05034239e-03]
 [3.02102212e-02 2.09567413e-01 7.59943366e-01 2.78979162e-04]
 [1.38976901e-07 9.99999523e-01 3.84705146e-07 1.93734681e-11]
 [6.25287116e-01 3.80599445e-08 3.74675632e-01 3.71595197e-05]
 [9.99605715e-01 4.10376764e-08 3.91243695e-04 3.11758458e-06]
 [8.49971984e-05 7.19466982e-07 9.99914289e-01 3.12494741e-08]
 [9.77070304e-04 3.89934226e-04 9.98629689e-01 3.28751230e-06]
 [2.50711878e-08 1.25731021e-01 7.79474867e-05 8.74191046e-01]
 [4.19546797e-09 9.74091224e-11 8.48962785e-08 9.99999881e-01]
 [4.18661133e-04 9.99421597e-01 1.55149610e-04 4.70536952e-06]
 [9.96692061e-01 2.73443584e-05 3.06513463e-03 2.15445049e-04]
 [1.48227907e-15 6.63247889e-15 5.86557121e-07 9.99999404e-01]
 [7.52462029e-07 4.89561458e-08 1.32447976e-05 9.99985933e-01]
 [5.02859894e-03 8.94679260e-07 6.32467210e-01 3.62503290e-01]
 [9.99926686e-01 8.87119256e-07 1.28104766e-05 5.97691869e-05]
 [3.54697983e-18 6.26667903e-16 1.08267873e-13 1.00000000e+00]
 [9.99965549e-01 2.81850189e-05 5.73743228e-06 6.07646143e-07]
 [9.98987138e-01 1.43050593e-05 3.62204582e-06 9.95015027e-04]
 [2.23832250e-01 6.82728589e-01 9.20317769e-02 1.40732958e-03]
 [1.89006794e-04 9.99123991e-01 6.86842366e-04 1.50136586e-07]
 [1.82833002e-12 4.49284680e-13 9.99534965e-01 4.65035060e-04]
 [6.53976213e-06 3.91050067e-04 9.99602377e-01 9.89276567e-16]
 [1.00490535e-02 9.33513045e-01 5.64265847e-02 1.13701399e-05]
 [1.11795444e-07 9.99954820e-01 4.50905354e-05 6.35335562e-10]
 [9.99935508e-01 6.45485159e-08 6.43600288e-05 1.48919505e-11]
 [8.28824449e-14 1.73015441e-14 2.56129340e-10 1.00000000e+00]
 [8.30676913e-01 1.65920749e-01 3.40215815e-03 2.35122172e-07]
 [8.86869966e-04 9.98570800e-01 5.08754281e-04 3.35220793e-05]
 [1.51734596e-07 1.49397916e-08 9.99999881e-01 2.36418860e-16]
 [3.21869920e-05 8.90368845e-09 9.99967813e-01 4.70273989e-08]
 [2.35820977e-07 1.56764709e-05 6.92162303e-06 9.99977112e-01]
 [2.53814548e-13 5.09235536e-12 1.00000000e+00 2.93637070e-09]
 [3.69013734e-02 3.17278579e-02 9.25392389e-01 5.97838731e-03]
 [9.99999046e-01 3.53120338e-13 1.09049114e-09 9.65712161e-07]
 [5.18173158e-01 9.50053280e-09 1.15136348e-03 4.80675459e-01]
 [9.99992967e-01 2.22869943e-07 4.89150034e-06 1.86450177e-06]
 [3.10934789e-04 7.84007682e-07 9.99687672e-01 5.80933943e-07]
 [1.07149553e-07 2.84851556e-08 1.56348069e-05 9.99984264e-01]
 [2.75662198e-04 9.83409286e-01 1.62508525e-02 6.42501400e-05]
 [9.99999881e-01 6.78648489e-13 9.85114497e-08 1.66743312e-08]]
[152, 18, 286, 61, 262, 127, 172, 84, 245, 227, 16, 290, 354, 59, 355, 104, 131, 150, 129, 154, 39, 269, 169, 194, 96, 384, 181, 164, 209, 363, 109, 299, 372, 9, 381, 56, 334, 49, 280, 291, 328, 55, 70, 310, 304, 312, 28, 180, 294, 348, 203, 373, 259, 130, 332, 63, 224, 370, 258, 284, 374, 95, 60, 308, 8, 364, 66, 102, 15, 17, 179, 357, 46, 324, 120, 274, 156, 215, 105, 76]
[[1 0 2 0 2 1 1 0 2 2 0 2 3 0 3 1 1 1 1 1 0 2 1 1 0 3 1 1 2 3 1 2 3 0 3 0
  3 0 2 2 3 0 0 3 3 3 0 1 2 3 2 3 2 1 3 0 2 3 2 2 3 0 0 3 0 3 0 1 0 0 1 3
  0 3 1 2 1 2 1 0]]
Test loss:1.0289222240447997Test accuracy:0.8125
[[7.61694855e-06 9.88482118e-01 1.14970496e-02 1.31804763e-05]
 [9.59737659e-01 9.15517285e-03 1.71364173e-02 1.39707467e-02]
 [1.27372344e-03 3.83433107e-09 9.98598874e-01 1.27389532e-04]
 [9.99999285e-01 6.11670885e-07 1.76831620e-07 2.49840433e-08]
 [6.54026347e-11 2.64675781e-11 1.00000000e+00 2.86871238e-08]
 [2.44261028e-04 9.99623418e-01 1.30495871e-04 1.80376139e-06]
 [1.06100284e-03 9.98608172e-01 3.27085494e-04 3.64407515e-06]
 [9.99838591e-01 1.23834063e-08 1.18719377e-04 4.26490697e-05]
 [1.16414145e-01 6.81555139e-06 8.83515537e-01 6.35523757e-05]
 [1.37170311e-03 6.14458113e-05 9.98563230e-01 3.71949659e-06]
 [9.99987483e-01 4.10779988e-09 9.42465158e-06 3.05123058e-06]
 [2.42282028e-11 9.99996781e-01 3.20135973e-06 2.42815953e-18]
 [3.58432393e-14 2.18865726e-09 5.23505350e-10 1.00000000e+00]
 [1.00000000e+00 2.19474794e-09 2.42525910e-08 9.35288291e-09]
 [2.20430415e-17 1.80255091e-15 1.74786823e-12 1.00000000e+00]
 [2.52470363e-06 9.99748528e-01 2.48691125e-04 1.83611562e-07]
 [1.53669753e-05 9.98739421e-01 1.24529272e-03 7.05348802e-09]
 [4.98876704e-11 9.98495698e-01 1.50432682e-03 5.66489504e-08]
 [4.71332362e-10 9.99956608e-01 4.33730238e-05 4.13009644e-12]
 [2.46572167e-01 3.05835420e-05 7.53192604e-01 2.04648764e-04]
 [1.00000000e+00 1.32556712e-13 7.04311409e-09 2.39444270e-10]
 [7.50502513e-04 1.68691820e-03 9.97540593e-01 2.19950452e-05]
 [7.97599751e-06 9.97869849e-01 2.11774814e-03 4.45678461e-06]
 [6.01037443e-02 4.85966057e-01 4.53893840e-01 3.63332183e-05]
 [1.08729182e-02 2.81495205e-03 9.84383166e-01 1.92894752e-03]
 [4.37094277e-05 1.68633426e-06 8.39148241e-04 9.99115407e-01]
 [8.59814539e-14 9.99999523e-01 5.15277634e-07 1.41402314e-15]
 [2.48669559e-04 9.99543726e-01 2.07450648e-04 9.72313998e-08]
 [6.78237259e-01 1.34304413e-04 3.21549565e-01 7.89321130e-05]
 [3.45933343e-18 9.27227849e-20 1.08029362e-14 1.00000000e+00]
 [1.29695376e-03 3.45005246e-04 9.98254001e-01 1.03948791e-04]
 [2.71919183e-02 4.47202742e-01 5.25602579e-01 2.83676650e-06]
 [2.83415891e-12 3.16569840e-15 1.20125578e-05 9.99987960e-01]
 [9.99965668e-01 3.47391872e-11 3.34890938e-05 8.27207771e-07]
 [2.11209703e-10 8.37390435e-11 2.89790876e-08 1.00000000e+00]
 [9.51500356e-01 9.31747141e-04 4.47874628e-02 2.78049242e-03]
 [9.68280710e-06 3.93138633e-10 2.30032327e-07 9.99990106e-01]
 [9.99973536e-01 6.48179002e-06 2.00365030e-05 3.29727428e-08]
 [3.97986582e-07 1.76069705e-07 9.99999404e-01 2.43731932e-08]
 [1.89748302e-01 7.33012974e-01 7.72245601e-02 1.40643733e-05]
 [7.38255235e-10 8.60680395e-16 3.52499789e-08 1.00000000e+00]
 [1.00000000e+00 1.72909206e-14 4.99877239e-14 3.93986167e-18]
 [1.83231517e-04 3.94174509e-04 9.97584581e-01 1.83799630e-03]
 [4.65961207e-08 2.29317780e-15 1.36663066e-05 9.99986291e-01]
 [3.21845637e-18 1.92135879e-18 3.04029263e-15 1.00000000e+00]
 [2.57895754e-05 4.66014516e-09 9.80566620e-05 9.99876142e-01]
 [1.29375383e-01 8.19625529e-06 8.15134525e-01 5.54818287e-02]
 [2.18260348e-01 5.89192629e-01 1.86824128e-01 5.72281098e-03]
 [1.18559576e-03 9.38917510e-05 9.98573184e-01 1.47383034e-04]
 [2.57768057e-10 2.31009508e-05 2.83880013e-07 9.99976635e-01]
 [2.11562110e-08 9.83611524e-01 1.63883436e-02 7.13381709e-08]
 [4.57246220e-11 4.50595958e-16 2.68284936e-07 9.99999762e-01]
 [1.02612282e-13 1.12032831e-11 9.99995232e-01 4.79349410e-06]
 [1.98812617e-04 9.99630809e-01 1.63988283e-04 6.45997216e-06]
 [2.11209703e-10 8.37390435e-11 2.89790876e-08 1.00000000e+00]
 [9.80650067e-01 1.00311001e-06 1.09024774e-02 8.44649039e-03]
 [6.28778860e-02 3.63633415e-04 9.36747670e-01 1.08170134e-05]
 [8.97421799e-08 1.46663764e-10 1.02666054e-05 9.99989629e-01]
 [5.37343323e-04 5.34810662e-01 4.66310680e-02 4.18020934e-01]
 [5.76575578e-04 1.26406094e-02 9.86753225e-01 2.95968057e-05]
 [4.24638565e-05 6.75151853e-07 1.61342502e-01 8.38614345e-01]
 [3.79515579e-04 1.11141317e-01 8.88479173e-01 2.36788118e-08]
 [9.88088071e-01 7.88727484e-04 7.15414714e-03 3.96900345e-03]
 [1.70836923e-12 2.30541779e-12 2.00084260e-09 1.00000000e+00]
 [1.36720926e-01 3.51970669e-07 8.60378683e-01 2.90007237e-03]
 [8.85703455e-10 4.94889977e-14 1.05071713e-07 9.99999881e-01]
 [9.72487271e-01 1.18743243e-04 2.72773039e-02 1.16752555e-04]
 [3.72824492e-04 9.90767181e-01 8.85727629e-03 2.60405500e-06]
 [6.29748497e-03 1.43622225e-02 9.39101875e-01 4.02384102e-02]
 [9.98275757e-01 3.97497672e-07 1.69785612e-03 2.60209708e-05]
 [1.62574448e-04 9.63261366e-01 3.65724899e-02 3.51729568e-06]
 [2.53634216e-08 1.35465987e-12 9.90870608e-10 1.00000000e+00]
 [9.70127285e-01 1.61499538e-05 2.92865988e-02 5.69919590e-04]
 [3.79816321e-08 4.41125543e-14 5.49910681e-07 9.99999404e-01]
 [1.29355001e-07 9.99999166e-01 7.65910954e-07 1.61688413e-10]
 [6.69815881e-06 9.96853411e-01 1.89960620e-03 1.24042598e-03]
 [1.61680695e-08 1.00000000e+00 1.20692034e-08 5.96099166e-14]
 [4.88823093e-03 3.43387604e-01 6.51710689e-01 1.35305763e-05]
 [2.95187983e-05 3.34883630e-01 5.13381004e-01 1.51705861e-01]
 [9.99789178e-01 6.96274219e-06 1.85020344e-05 1.85423181e-04]]
train size:320 test size:80
test_loss_ave: 1.307422662973404 test_acc_ave: 0.79375
model.add(Conv2D(16, kernel_size=(5, 5), strides=(1, 1),
                    activation='relu',
                    input_shape=input_shape))
    model.add(MaxPooling2D(pool_size=(2, 2),strides=(2, 2)))
    model.add(Conv2D(64, (5, 5), activation='relu'))
    model.add(MaxPooling2D(pool_size=(2, 2)))
    model.add(Conv2D(256, (5, 5), activation='relu'))
    model.add(MaxPooling2D(pool_size=(2, 2)))
