train size:320 test size:80
Index of sets is: 0
[144, 147, 348, 89, 305, 183, 337, 202, 382, 378, 223, 377, 82, 321, 154, 61, 370, 7, 324, 194, 215, 221, 122, 94, 138, 226, 270, 66, 242, 275, 363, 374, 32, 304, 371, 288, 225, 325, 29, 73, 48, 198, 352, 160, 127, 177, 28, 116, 396, 103, 372, 332, 12, 313, 178, 197, 359, 53, 2, 293, 172, 295, 36, 356, 141, 42, 111, 267, 213, 243, 109, 271, 76, 164, 23, 236, 47, 251, 100, 346]
[[1 1 3 0 3 1 3 2 3 3 2 3 0 3 1 0 3 0 3 1 2 2 1 0 1 2 2 0 2 2 3 3 0 3 3 2
  2 3 0 0 0 1 3 1 1 1 0 1 3 1 3 3 0 3 1 1 3 0 0 2 1 2 0 3 1 0 1 2 2 2 1 2
  0 1 0 2 0 2 0 3]]
Linear
[1.0, 1.0, 1.0, 0.0, 3.0, 1.0, 3.0, 2.0, 3.0, 3.0, 2.0, 3.0, 0.0, 3.0, 1.0, 0.0, 3.0, 0.0, 3.0, 1.0, 2.0, 0.0, 1.0, 1.0, 1.0, 2.0, 0.0, 0.0, 1.0, 2.0, 3.0, 2.0, 0.0, 3.0, 3.0, 0.0, 2.0, 3.0, 0.0, 0.0, 0.0, 1.0, 3.0, 1.0, 1.0, 1.0, 0.0, 1.0, 0.0, 1.0, 3.0, 3.0, 1.0, 3.0, 2.0, 2.0, 3.0, 2.0, 0.0, 2.0, 1.0, 2.0, 0.0, 3.0, 2.0, 0.0, 1.0, 1.0, 2.0, 2.0, 2.0, 2.0, 0.0, 1.0, 3.0, 2.0, 0.0, 2.0, 0.0, 3.0]
Training acc:99.6875Test acc:80.0
Index of sets is: 1
[241, 9, 238, 309, 92, 215, 13, 337, 205, 328, 266, 14, 8, 161, 188, 117, 292, 237, 3, 178, 187, 21, 11, 118, 248, 390, 198, 271, 330, 99, 57, 274, 172, 275, 326, 69, 378, 151, 296, 304, 139, 400, 131, 6, 76, 16, 395, 261, 126, 356, 359, 91, 310, 284, 342, 83, 4, 66, 111, 353, 176, 122, 327, 260, 41, 379, 365, 67, 373, 175, 19, 150, 258, 206, 226, 22, 42, 350, 71, 312]
[[2 0 2 3 0 2 0 3 2 3 2 0 0 1 1 1 2 2 0 1 1 0 0 1 2 3 1 2 3 0 0 2 1 2 3 0
  3 1 2 3 1 3 1 0 0 0 3 2 1 3 3 0 3 2 3 0 0 0 1 3 1 1 3 2 0 3 3 0 3 1 0 1
  2 2 2 0 0 3 0 3]]
Linear
[1.0, 2.0, 2.0, 1.0, 0.0, 2.0, 0.0, 3.0, 2.0, 3.0, 2.0, 1.0, 2.0, 1.0, 2.0, 1.0, 2.0, 2.0, 0.0, 2.0, 1.0, 0.0, 0.0, 1.0, 2.0, 3.0, 1.0, 2.0, 3.0, 0.0, 0.0, 1.0, 1.0, 2.0, 3.0, 0.0, 3.0, 1.0, 1.0, 3.0, 1.0, 1.0, 1.0, 0.0, 0.0, 0.0, 3.0, 2.0, 1.0, 3.0, 3.0, 0.0, 3.0, 2.0, 3.0, 0.0, 0.0, 0.0, 1.0, 3.0, 2.0, 1.0, 3.0, 2.0, 0.0, 3.0, 3.0, 0.0, 3.0, 1.0, 1.0, 1.0, 2.0, 0.0, 2.0, 0.0, 0.0, 3.0, 0.0, 3.0]
Training acc:99.6875Test acc:83.75
Index of sets is: 2
[110, 181, 65, 276, 64, 63, 11, 360, 336, 305, 240, 76, 1, 148, 293, 263, 67, 160, 81, 38, 59, 61, 261, 369, 77, 328, 366, 69, 265, 125, 212, 48, 123, 147, 338, 237, 389, 272, 225, 86, 88, 325, 163, 131, 122, 365, 202, 23, 341, 206, 129, 32, 236, 228, 137, 376, 367, 249, 316, 4, 300, 231, 290, 134, 27, 21, 284, 387, 155, 251, 256, 12, 9, 371, 245, 311, 37, 132, 323, 78]
[[1 1 0 2 0 0 0 3 3 3 2 0 0 1 2 2 0 1 0 0 0 0 2 3 0 3 3 0 2 1 2 0 1 1 3 2
  3 2 2 0 0 3 1 1 1 3 2 0 3 2 1 0 2 2 1 3 3 2 3 0 2 2 2 1 0 0 2 3 1 2 2 0
  0 3 2 3 0 1 3 0]]
Linear
[1.0, 1.0, 2.0, 2.0, 2.0, 0.0, 0.0, 3.0, 1.0, 3.0, 2.0, 0.0, 0.0, 1.0, 3.0, 2.0, 0.0, 1.0, 2.0, 0.0, 0.0, 0.0, 2.0, 3.0, 0.0, 3.0, 3.0, 0.0, 0.0, 1.0, 2.0, 0.0, 1.0, 1.0, 1.0, 2.0, 3.0, 0.0, 2.0, 0.0, 0.0, 3.0, 1.0, 1.0, 1.0, 3.0, 2.0, 3.0, 0.0, 0.0, 1.0, 0.0, 2.0, 2.0, 1.0, 3.0, 3.0, 2.0, 3.0, 0.0, 0.0, 2.0, 1.0, 1.0, 0.0, 0.0, 2.0, 3.0, 1.0, 2.0, 2.0, 1.0, 0.0, 3.0, 2.0, 3.0, 2.0, 1.0, 3.0, 0.0]
Training acc:99.6875Test acc:81.25
Index of sets is: 3
[257, 341, 183, 140, 243, 325, 224, 58, 181, 213, 60, 270, 48, 45, 351, 41, 147, 137, 226, 363, 30, 359, 175, 151, 201, 205, 362, 109, 111, 78, 211, 354, 153, 252, 84, 106, 13, 323, 352, 130, 200, 274, 311, 255, 52, 80, 395, 164, 8, 129, 377, 219, 22, 119, 178, 10, 12, 14, 369, 386, 349, 59, 141, 254, 73, 259, 24, 225, 246, 157, 286, 231, 260, 150, 314, 282, 27, 382, 170, 378]
[[2 3 1 1 2 3 2 0 1 2 0 2 0 0 3 0 1 1 2 3 0 3 1 1 2 2 3 1 1 0 2 3 1 2 0 1
  0 3 3 1 1 2 3 2 0 0 3 1 0 1 3 2 0 1 1 0 0 0 3 3 3 0 1 2 0 2 0 2 2 1 2 2
  2 1 3 2 0 3 1 3]]
Linear
[2.0, 0.0, 1.0, 1.0, 1.0, 3.0, 2.0, 2.0, 1.0, 2.0, 0.0, 0.0, 0.0, 0.0, 3.0, 0.0, 1.0, 1.0, 2.0, 3.0, 2.0, 3.0, 1.0, 1.0, 2.0, 2.0, 2.0, 2.0, 1.0, 0.0, 2.0, 3.0, 1.0, 2.0, 0.0, 2.0, 0.0, 3.0, 3.0, 1.0, 1.0, 1.0, 3.0, 2.0, 3.0, 0.0, 3.0, 1.0, 2.0, 1.0, 3.0, 3.0, 0.0, 1.0, 3.0, 0.0, 1.0, 3.0, 3.0, 3.0, 3.0, 0.0, 2.0, 3.0, 0.0, 2.0, 0.0, 2.0, 2.0, 1.0, 2.0, 2.0, 2.0, 1.0, 3.0, 1.0, 0.0, 3.0, 1.0, 3.0]
Training acc:99.6875Test acc:77.5
Index of sets is: 4
[238, 167, 271, 62, 295, 189, 95, 315, 58, 120, 374, 325, 185, 128, 386, 333, 80, 66, 365, 22, 103, 222, 77, 136, 266, 169, 283, 171, 149, 151, 213, 331, 187, 229, 88, 334, 362, 53, 368, 279, 371, 177, 265, 328, 78, 54, 162, 30, 122, 393, 84, 139, 60, 190, 18, 98, 160, 34, 148, 254, 97, 255, 12, 219, 320, 99, 170, 225, 381, 46, 307, 93, 352, 298, 184, 115, 342, 174, 350, 376]
[[2 1 2 0 2 1 0 3 0 1 3 3 1 1 3 3 0 0 3 0 1 2 0 1 2 1 2 1 1 1 2 3 1 2 0 3
  3 0 3 2 3 1 2 3 0 0 1 0 1 3 0 1 0 1 0 0 1 0 1 2 0 2 0 2 3 0 1 2 3 0 3 0
  3 2 1 1 3 1 3 3]]
Linear
[2.0, 1.0, 2.0, 2.0, 2.0, 1.0, 2.0, 3.0, 2.0, 1.0, 2.0, 3.0, 1.0, 1.0, 3.0, 3.0, 0.0, 0.0, 3.0, 0.0, 1.0, 2.0, 0.0, 1.0, 2.0, 1.0, 2.0, 1.0, 1.0, 1.0, 2.0, 3.0, 1.0, 2.0, 0.0, 1.0, 2.0, 2.0, 3.0, 2.0, 3.0, 1.0, 2.0, 3.0, 0.0, 0.0, 2.0, 2.0, 1.0, 3.0, 0.0, 1.0, 0.0, 1.0, 1.0, 0.0, 1.0, 1.0, 1.0, 2.0, 0.0, 2.0, 1.0, 3.0, 3.0, 0.0, 1.0, 2.0, 3.0, 0.0, 3.0, 0.0, 3.0, 2.0, 2.0, 0.0, 3.0, 1.0, 3.0, 3.0]
Training acc:99.6875Test acc:81.25
Index of sets is: 5
[133, 56, 192, 374, 297, 302, 314, 298, 305, 296, 262, 23, 307, 169, 19, 195, 74, 37, 382, 152, 218, 106, 322, 252, 332, 151, 392, 236, 66, 80, 203, 241, 304, 171, 231, 1, 250, 108, 351, 359, 54, 61, 257, 112, 156, 398, 319, 226, 67, 69, 98, 117, 125, 385, 31, 90, 95, 346, 176, 27, 367, 102, 168, 82, 155, 327, 301, 181, 129, 328, 46, 312, 371, 40, 233, 5, 290, 100, 4, 337]
[[1 0 1 3 2 3 3 2 3 2 2 0 3 1 0 1 0 0 3 1 2 1 3 2 3 1 3 2 0 0 2 2 3 1 2 0
  2 1 3 3 0 0 2 1 1 3 3 2 0 0 0 1 1 3 0 0 0 3 1 0 3 1 1 0 1 3 3 1 1 3 0 3
  3 0 2 0 2 0 0 3]]
Linear
[1.0, 0.0, 2.0, 2.0, 2.0, 3.0, 0.0, 2.0, 3.0, 1.0, 2.0, 3.0, 3.0, 1.0, 1.0, 1.0, 0.0, 2.0, 3.0, 1.0, 2.0, 2.0, 3.0, 2.0, 3.0, 1.0, 3.0, 2.0, 0.0, 0.0, 1.0, 1.0, 3.0, 1.0, 2.0, 0.0, 2.0, 1.0, 3.0, 3.0, 0.0, 0.0, 2.0, 2.0, 1.0, 1.0, 0.0, 2.0, 0.0, 0.0, 1.0, 1.0, 1.0, 3.0, 0.0, 0.0, 0.0, 3.0, 2.0, 0.0, 3.0, 1.0, 1.0, 0.0, 1.0, 3.0, 3.0, 1.0, 1.0, 3.0, 0.0, 3.0, 3.0, 2.0, 2.0, 0.0, 1.0, 1.0, 0.0, 3.0]
Training acc:99.6875Test acc:77.5
Index of sets is: 6
[18, 189, 83, 178, 162, 132, 63, 205, 3, 91, 381, 47, 137, 53, 363, 333, 352, 185, 61, 93, 23, 5, 161, 226, 372, 188, 11, 354, 339, 117, 136, 52, 158, 281, 278, 337, 59, 12, 261, 317, 51, 195, 283, 314, 312, 327, 42, 269, 243, 307, 48, 369, 43, 152, 279, 213, 318, 254, 159, 252, 277, 211, 209, 124, 301, 303, 275, 231, 338, 73, 98, 212, 130, 388, 222, 135, 394, 100, 304, 259]
[[0 1 0 1 1 1 0 2 0 0 3 0 1 0 3 3 3 1 0 0 0 0 1 2 3 1 0 3 3 1 1 0 1 2 2 3
  0 0 2 3 0 1 2 3 3 3 0 2 2 3 0 3 0 1 2 2 3 2 1 2 2 2 2 1 3 3 2 2 3 0 0 2
  1 3 2 1 3 0 3 2]]
Linear
[1.0, 1.0, 0.0, 3.0, 1.0, 1.0, 0.0, 1.0, 0.0, 0.0, 3.0, 0.0, 1.0, 2.0, 3.0, 3.0, 3.0, 1.0, 0.0, 1.0, 3.0, 0.0, 1.0, 2.0, 3.0, 0.0, 0.0, 3.0, 1.0, 1.0, 1.0, 3.0, 1.0, 0.0, 1.0, 0.0, 0.0, 1.0, 2.0, 3.0, 2.0, 2.0, 2.0, 3.0, 3.0, 3.0, 0.0, 2.0, 2.0, 3.0, 0.0, 3.0, 1.0, 1.0, 2.0, 2.0, 3.0, 2.0, 1.0, 2.0, 2.0, 2.0, 0.0, 2.0, 3.0, 3.0, 2.0, 2.0, 1.0, 0.0, 1.0, 2.0, 1.0, 3.0, 2.0, 1.0, 3.0, 1.0, 3.0, 2.0]
Training acc:100.0Test acc:73.75
Index of sets is: 7
[314, 55, 152, 179, 246, 134, 7, 247, 156, 343, 171, 185, 216, 241, 45, 225, 73, 150, 130, 144, 181, 158, 204, 317, 399, 51, 219, 131, 280, 25, 46, 290, 363, 186, 255, 381, 184, 226, 303, 39, 40, 41, 98, 153, 291, 23, 84, 29, 221, 3, 79, 36, 133, 74, 68, 61, 117, 17, 323, 31, 292, 234, 177, 373, 28, 229, 201, 369, 361, 397, 339, 48, 112, 57, 338, 20, 120, 56, 329, 92]
[[3 0 1 1 2 1 0 2 1 3 1 1 2 2 0 2 0 1 1 1 1 1 2 3 3 0 2 1 2 0 0 2 3 1 2 3
  1 2 3 0 0 0 0 1 2 0 0 0 2 0 0 0 1 0 0 0 1 0 3 0 2 2 1 3 0 2 2 3 3 3 3 0
  1 0 3 0 1 0 3 0]]
Linear
[3.0, 3.0, 1.0, 1.0, 2.0, 1.0, 0.0, 2.0, 1.0, 3.0, 1.0, 1.0, 0.0, 1.0, 0.0, 2.0, 3.0, 1.0, 1.0, 1.0, 1.0, 1.0, 2.0, 3.0, 2.0, 2.0, 1.0, 1.0, 2.0, 2.0, 0.0, 1.0, 3.0, 2.0, 2.0, 3.0, 1.0, 2.0, 3.0, 0.0, 2.0, 0.0, 0.0, 1.0, 0.0, 3.0, 0.0, 0.0, 0.0, 0.0, 0.0, 0.0, 1.0, 0.0, 3.0, 2.0, 1.0, 0.0, 3.0, 0.0, 2.0, 2.0, 1.0, 3.0, 0.0, 2.0, 2.0, 3.0, 3.0, 1.0, 1.0, 0.0, 2.0, 0.0, 1.0, 0.0, 1.0, 0.0, 3.0, 0.0]
Training acc:100.0Test acc:75.0
Index of sets is: 8
[275, 204, 221, 17, 348, 322, 95, 179, 391, 229, 373, 290, 329, 278, 167, 273, 355, 120, 42, 40, 216, 3, 327, 365, 238, 66, 84, 335, 138, 248, 341, 314, 379, 288, 124, 366, 22, 197, 191, 69, 154, 92, 231, 65, 394, 161, 28, 49, 27, 392, 372, 194, 268, 60, 199, 175, 225, 80, 39, 99, 259, 116, 159, 354, 292, 140, 240, 130, 162, 289, 198, 350, 78, 253, 46, 297, 270, 358, 77, 34]
