[75, 339, 94, 265, 280, 197, 28, 177, 306, 2, 187, 121, 273, 317, 4, 114, 292, 105, 324, 166, 350, 276, 167, 57, 249, 289, 124, 210, 394, 198, 244, 119, 284, 337, 237, 220, 279, 60, 226, 118, 287, 383, 357, 301, 5, 3, 55, 120, 102, 325, 331, 76, 215, 262, 156, 342, 302, 86, 96, 45, 345, 54, 65, 148, 23, 19, 61, 13, 201, 181, 31, 43, 189, 203, 6, 256, 346, 388, 304, 173]
[[0 3 0 2 2 1 0 1 3 0 1 1 2 3 0 1 2 1 3 1 3 2 1 0 2 2 1 2 3 1 2 1 2 3 2 2
  2 0 2 1 2 3 3 3 0 0 0 1 1 3 3 0 2 2 1 3 3 0 0 0 3 0 0 1 0 0 0 0 2 1 0 0
  1 2 0 2 3 3 3 1]]
Test loss:0.4150355875492096Test accuracy:0.925
[[9.99951839e-01 4.93695211e-07 6.88686077e-06 4.07657826e-05]
 [1.29498119e-04 3.00604980e-02 2.84155761e-03 9.66968477e-01]
 [9.99990940e-01 1.66600911e-09 9.03938235e-06 1.50133761e-09]
 [7.58344498e-10 5.27378319e-09 9.99987006e-01 1.29474265e-05]
 [8.09425139e-04 1.43927857e-04 9.98186529e-01 8.60070868e-04]
 [2.33664275e-18 1.00000000e+00 4.22371906e-22 9.85832076e-13]
 [9.99999285e-01 7.37054336e-07 7.40425365e-09 1.49379016e-08]
 [8.72274053e-19 1.00000000e+00 3.00224072e-20 2.40502951e-10]
 [9.67158970e-13 1.14032410e-07 1.75633563e-09 9.99999881e-01]
 [9.99998927e-01 1.07344385e-06 1.72323820e-12 7.15580706e-09]
 [1.58204602e-10 9.99999046e-01 1.11779794e-13 9.55959877e-07]
 [4.64191089e-06 9.99105513e-01 1.90239312e-04 6.99554395e-04]
 [1.93283748e-04 9.37185405e-08 9.99786675e-01 1.99106325e-05]
 [4.64868299e-06 7.40239859e-01 3.24109415e-08 2.59755462e-01]
 [1.00000000e+00 1.22029253e-12 1.21326803e-11 3.37951759e-12]
 [1.54505767e-06 9.99516606e-01 9.28167367e-07 4.80925955e-04]
 [1.16018972e-09 6.84817524e-12 1.00000000e+00 1.19882770e-09]
 [2.81005050e-04 9.95246232e-01 2.56776140e-04 4.21592034e-03]
 [1.85632161e-04 1.54862323e-06 4.75466484e-04 9.99337375e-01]
 [8.69797702e-07 9.90133166e-01 1.84339042e-05 9.84756462e-03]
 [8.65761560e-11 6.82931952e-03 7.44844272e-07 9.93169904e-01]
 [3.12670133e-11 8.27318908e-11 1.00000000e+00 8.78551631e-09]
 [1.48711372e-08 9.83177364e-01 9.79237739e-05 1.67247914e-02]
 [9.98900294e-01 1.02108042e-03 7.72550120e-05 1.28888018e-06]
 [1.07909463e-11 2.95493746e-14 1.00000000e+00 1.43181744e-10]
 [5.95545835e-10 9.08931362e-16 1.00000000e+00 1.85194904e-13]
 [4.00164118e-03 9.95828450e-01 4.48396750e-05 1.24948216e-04]
 [7.52619902e-16 2.18022059e-16 1.00000000e+00 9.78688376e-13]
 [5.22184610e-06 1.21998864e-05 1.06473621e-02 9.89335239e-01]
 [3.64746816e-22 1.00000000e+00 6.92941770e-30 1.43092444e-14]
 [6.79835799e-10 7.42840581e-11 9.99999166e-01 8.51359232e-07]
 [3.83564108e-03 2.13624779e-02 2.27456191e-03 9.72527266e-01]
 [1.84979904e-02 1.61671311e-01 8.01757455e-01 1.80732254e-02]
 [3.33459904e-13 9.61487626e-11 2.01723457e-10 1.00000000e+00]
 [1.45644341e-08 5.53525226e-09 9.99998212e-01 1.82081999e-06]
 [9.80857512e-14 7.24055357e-16 1.00000000e+00 6.82309348e-11]
 [2.50085086e-05 6.24614017e-07 9.88418400e-01 1.15558859e-02]
 [1.70660391e-01 7.86107242e-01 2.91475561e-04 4.29408550e-02]
 [7.93309685e-09 5.50684116e-11 9.99999285e-01 7.47868398e-07]
 [6.80645940e-08 9.99998927e-01 1.02417330e-09 9.91356956e-07]
 [4.58789464e-06 3.76978932e-07 9.99969602e-01 2.54299230e-05]
 [8.50419965e-05 6.50036857e-02 5.10240789e-04 9.34401095e-01]
 [1.10568702e-02 1.98335666e-02 6.69838191e-05 9.69042540e-01]
 [2.77933371e-11 3.83826881e-09 2.87575608e-09 1.00000000e+00]
 [1.00000000e+00 6.15298914e-12 1.87841228e-14 8.19593850e-13]
 [1.00000000e+00 6.24161167e-10 2.36569919e-09 4.79984275e-10]
 [9.96795833e-01 5.21110953e-04 2.67472072e-03 8.46479179e-06]
 [1.36372057e-06 9.99995232e-01 1.19996884e-08 3.45251237e-06]
 [1.69424072e-13 9.99992967e-01 1.09407600e-13 6.99748216e-06]
 [9.07292327e-17 1.13880976e-08 4.93721221e-13 1.00000000e+00]
 [3.31171346e-03 1.40588051e-02 3.76943848e-03 9.78860021e-01]
 [1.00000000e+00 5.72313377e-11 2.12096521e-11 3.23016310e-12]
 [2.94586605e-10 1.33281162e-07 9.99996066e-01 3.75587774e-06]
 [9.80857512e-14 7.24055357e-16 1.00000000e+00 6.82309348e-11]
 [4.50795487e-16 1.00000000e+00 5.71680999e-17 7.52790164e-10]
 [9.45232865e-16 2.13243323e-14 2.53231382e-13 1.00000000e+00]
 [5.04697895e-10 2.96055801e-12 8.08505774e-06 9.99991894e-01]
 [1.00000000e+00 3.84510512e-09 1.26287940e-08 1.71905934e-10]
 [9.99999762e-01 1.92681799e-08 2.09508570e-07 9.66945829e-11]
 [9.99995708e-01 1.37655525e-06 2.68433428e-06 7.88561181e-08]
 [7.92537332e-02 8.62871647e-01 2.23488369e-05 5.78522049e-02]
 [9.53665733e-01 3.25231366e-02 1.17168260e-04 1.36938719e-02]
 [9.99998212e-01 1.73596629e-06 2.92748670e-08 1.06459530e-09]
 [1.34800242e-08 9.99935150e-01 5.04734698e-10 6.48066634e-05]
 [9.99987364e-01 1.37964718e-11 1.25826346e-05 1.03331743e-08]
 [9.99999762e-01 4.10092227e-09 1.52918957e-07 8.06235221e-08]
 [9.42125916e-01 5.41015062e-04 6.99412703e-06 5.73261008e-02]
 [9.99997616e-01 2.33081164e-06 2.81003949e-08 1.87984366e-08]
 [9.56771690e-18 5.11346845e-15 1.00000000e+00 2.64771061e-12]
 [8.19775509e-04 6.15273952e-01 9.28489317e-05 3.83813441e-01]
 [9.99999762e-01 8.40085548e-08 5.96725371e-08 4.02694589e-09]
 [1.00000000e+00 1.43584233e-11 1.31670741e-09 6.03483444e-11]
 [1.46338039e-06 9.99975801e-01 1.30947839e-08 2.28198023e-05]
 [9.98245358e-01 8.81116357e-05 1.47898263e-05 1.65182620e-03]
 [1.00000000e+00 1.34392470e-13 6.71010141e-15 2.67148527e-13]
 [1.36639737e-05 7.09553668e-03 9.81089115e-01 1.18016331e-02]
 [1.82443000e-06 1.70970525e-05 8.72613509e-06 9.99972343e-01]
 [5.76738337e-08 2.94088437e-07 1.04396133e-06 9.99998569e-01]
 [7.95156510e-11 3.01923592e-06 9.99983430e-01 1.35590626e-05]
 [1.88608339e-15 1.00000000e+00 5.36103067e-17 1.55569850e-12]]
[82, 39, 151, 199, 106, 155, 388, 393, 363, 91, 230, 394, 194, 164, 374, 8, 207, 94, 214, 168, 339, 399, 117, 224, 116, 27, 16, 34, 287, 81, 129, 72, 36, 69, 208, 77, 349, 371, 170, 335, 191, 353, 218, 38, 172, 84, 111, 286, 89, 361, 58, 310, 289, 109, 78, 378, 123, 152, 329, 255, 314, 26, 269, 338, 292, 53, 250, 317, 30, 254, 223, 177, 14, 5, 293, 231, 212, 257, 239, 265]
[[0 0 1 1 1 1 3 3 3 0 2 3 1 1 3 0 2 0 2 1 3 3 1 2 1 0 0 0 2 0 1 0 0 0 2 0
  3 3 1 3 1 3 2 0 1 0 1 2 0 3 0 3 2 1 0 3 1 1 3 2 3 0 2 3 2 0 2 3 0 2 2 1
  0 0 2 2 2 2 2 2]]
Test loss:0.2749737024307251Test accuracy:0.9125
[[9.99760330e-01 1.10736313e-04 1.82614840e-05 1.10755966e-04]
 [9.98716712e-01 1.05834298e-03 1.11423709e-04 1.13586131e-04]
 [2.65186227e-05 9.92853224e-01 6.97267797e-06 7.11326487e-03]
 [2.84767293e-10 9.99998450e-01 1.75696106e-15 1.59026206e-06]
 [7.13769186e-05 7.56617606e-01 3.33119242e-04 2.42977977e-01]
 [1.97044123e-14 1.00000000e+00 7.83792177e-18 2.31786701e-10]
 [2.46345477e-09 2.18294960e-09 2.68937566e-08 1.00000000e+00]
 [5.59192276e-11 5.13820240e-08 1.72270415e-03 9.98277307e-01]
 [1.66449263e-06 2.99019244e-04 6.91598805e-04 9.99007761e-01]
 [9.93309855e-01 4.72859440e-08 6.67781662e-03 1.23482414e-05]
 [2.37184327e-06 7.47767399e-06 9.99374688e-01 6.15469355e-04]
 [5.26313079e-06 2.83855144e-07 1.52920916e-06 9.99992967e-01]
 [1.29835582e-08 9.99939084e-01 8.65031269e-10 6.08581759e-05]
 [5.90711657e-08 9.99996901e-01 5.90198956e-09 3.05928370e-06]
 [5.88329451e-04 1.33590465e-02 2.19943468e-02 9.64058220e-01]
 [9.99889374e-01 1.18714308e-06 1.18269581e-05 9.76308656e-05]
 [2.52072774e-02 4.47595026e-03 9.53822792e-01 1.64940134e-02]
 [9.99995112e-01 2.96274276e-08 4.93565722e-06 2.93379787e-09]
 [2.61257264e-06 1.56622928e-08 9.99978900e-01 1.84795517e-05]
 [6.54114762e-10 9.99703586e-01 1.33252145e-10 2.96398444e-04]
 [2.48840952e-04 1.26350552e-01 2.69635804e-02 8.46436977e-01]
 [4.50321800e-13 5.59621727e-09 3.64100727e-09 1.00000000e+00]
 [4.85866816e-12 1.00000000e+00 8.82248257e-15 3.52011820e-09]
 [8.81709784e-05 3.36699159e-05 5.69818600e-04 9.99308348e-01]
 [1.56149999e-05 3.11439008e-01 2.66538337e-02 6.61891520e-01]
 [1.00000000e+00 7.61503160e-16 5.46987348e-14 8.14676560e-13]
 [9.99973178e-01 1.25445339e-07 2.65796098e-05 1.68267363e-07]
 [1.00000000e+00 5.49798984e-10 1.18587267e-11 4.65768979e-10]
 [6.13701650e-06 1.81104917e-06 9.99636889e-01 3.55056953e-04]
 [1.00000000e+00 3.29702488e-10 2.21502136e-10 1.44185800e-11]
 [4.38308894e-13 1.00000000e+00 1.86844541e-15 1.24423734e-08]
 [8.94439101e-01 2.62331479e-04 1.02069564e-01 3.22903669e-03]
 [9.99999762e-01 7.49588794e-11 2.16395037e-07 4.78998778e-08]
 [1.36740245e-02 8.33979368e-01 4.55960184e-02 1.06750622e-01]
 [3.10717096e-15 9.49567356e-13 9.99999881e-01 1.59070950e-07]
 [1.00000000e+00 4.32496192e-11 1.21206112e-14 1.90408347e-08]
 [3.05632102e-06 9.87908265e-07 5.08397435e-10 9.99995947e-01]
 [1.12326455e-03 4.59907926e-04 1.63679686e-03 9.96780097e-01]
 [3.49133393e-06 9.99327779e-01 4.24631027e-04 2.44157825e-04]
 [9.59529042e-01 2.47822609e-03 9.01915118e-05 3.79025973e-02]
 [2.88160095e-06 9.99990940e-01 8.40380565e-09 6.21667687e-06]
 [1.34417263e-07 3.20607587e-03 2.33428436e-05 9.96770501e-01]
 [4.06096689e-04 1.48301726e-04 9.81147170e-01 1.82984453e-02]
 [1.00000000e+00 2.78013260e-16 7.43489992e-12 1.94177688e-10]
 [1.11302803e-03 9.70388532e-01 1.80256215e-03 2.66958661e-02]
 [9.99993086e-01 6.94993741e-06 2.51019516e-09 5.95762693e-08]
 [1.05488894e-07 9.99468863e-01 2.81769150e-08 5.30993333e-04]
 [2.09775908e-09 1.25045627e-10 9.99987602e-01 1.24560574e-05]
 [8.92733872e-01 1.34160917e-03 1.02409512e-01 3.51503980e-03]
 [2.45581809e-02 1.02620579e-01 2.03771349e-02 8.52444172e-01]
 [9.99990940e-01 9.06695004e-06 5.54669999e-09 2.75513279e-09]
 [1.95022881e-06 5.55506267e-05 4.32130810e-06 9.99938130e-01]
 [6.91380397e-10 1.53247285e-17 1.00000000e+00 5.79210345e-13]
 [1.46732972e-07 9.99591053e-01 1.75533046e-08 4.08894906e-04]
 [9.99936104e-01 2.44305625e-07 1.27436524e-05 5.09337369e-05]
 [4.68141394e-11 1.02097575e-09 4.36838149e-10 1.00000000e+00]
 [1.49196524e-07 9.99999881e-01 1.74983111e-10 1.01982209e-08]
 [2.41872738e-03 2.52092957e-01 1.44244137e-08 7.45488226e-01]
 [1.50752612e-06 5.03038791e-05 1.91735965e-03 9.98030841e-01]
 [7.91091414e-04 4.31704451e-04 9.72179830e-01 2.65974477e-02]
 [6.08834252e-03 1.39726457e-04 2.84333490e-02 9.65338588e-01]
 [9.92941856e-01 1.39124424e-03 5.49448887e-03 1.72338958e-04]
 [1.69853465e-07 8.40966022e-05 9.97694314e-01 2.22136918e-03]
 [3.69470741e-04 1.42386496e-01 8.30641133e-04 8.56413424e-01]
 [2.03641534e-07 7.79387943e-11 9.99999642e-01 1.19664918e-07]
 [9.92910087e-01 1.14748636e-05 1.35666563e-03 5.72175067e-03]
 [3.13737203e-10 4.33666880e-10 1.00000000e+00 5.94390031e-08]
 [6.78868091e-05 6.96626008e-01 1.20479740e-06 3.03304911e-01]
 [9.99998331e-01 5.22096721e-09 1.61410060e-06 6.88825316e-11]
 [1.22069054e-07 5.67731695e-10 9.99999285e-01 6.22694927e-07]
 [3.44906118e-11 3.72807774e-12 1.00000000e+00 1.54056856e-08]
 [2.26150068e-15 1.00000000e+00 3.16518645e-19 2.52094928e-10]
 [1.00000000e+00 6.63449851e-10 6.95812563e-09 1.60459504e-12]
 [1.00000000e+00 9.78458308e-14 2.46710443e-16 1.14931814e-13]
 [1.29561677e-08 1.25922897e-10 9.99999642e-01 3.15103136e-07]
 [4.22091037e-02 8.28838836e-07 9.57596540e-01 1.93504369e-04]
 [3.02205927e-10 6.48073595e-10 9.99999881e-01 1.60521111e-07]
 [4.92457068e-04 5.63050526e-06 9.83475804e-01 1.60261188e-02]
 [3.03390043e-05 7.81220675e-04 1.44127116e-01 8.55061293e-01]
 [1.06789044e-09 3.58680891e-10 9.99991059e-01 8.95202447e-06]]
[282, 322, 60, 320, 188, 207, 210, 175, 308, 217, 58, 372, 298, 13, 25, 253, 187, 15, 148, 97, 215, 232, 151, 105, 164, 183, 2, 375, 4, 299, 101, 106, 77, 42, 55, 374, 245, 138, 251, 354, 71, 34, 378, 152, 346, 362, 279, 82, 134, 324, 9, 69, 27, 147, 259, 387, 260, 73, 275, 246, 239, 166, 7, 242, 201, 146, 21, 1, 328, 143, 168, 155, 247, 360, 44, 352, 131, 305, 329, 309]
[[2 3 0 3 1 2 2 1 3 2 0 3 2 0 0 2 1 0 1 0 2 2 1 1 1 1 0 3 0 2 1 1 0 0 0 3
  2 1 2 3 0 0 3 1 3 3 2 0 1 3 0 0 0 1 2 3 2 0 2 2 2 1 0 2 2 1 0 0 3 1 1 1
  2 3 0 3 1 3 3 3]]
Test loss:0.32940496485680343Test accuracy:0.9125
[[3.93741300e-14 4.61393818e-18 1.00000000e+00 1.87203253e-13]
 [2.28095107e-08 2.74195132e-04 2.54314983e-07 9.99725521e-01]
 [1.14682361e-01 4.00473863e-01 5.20628702e-04 4.84323233e-01]
 [4.59139254e-11 4.04015224e-11 1.80138959e-11 1.00000000e+00]
 [5.08383568e-03 9.35618103e-01 3.19578089e-02 2.73401719e-02]
 [2.63866801e-02 3.95009440e-04 9.72255766e-01 9.62617167e-04]
 [1.11723358e-14 2.28568093e-15 1.00000000e+00 5.92993710e-12]
 [5.57229320e-08 4.08797787e-04 8.79471713e-08 9.99591053e-01]
 [7.45262252e-09 1.37728527e-02 1.96127276e-05 9.86207485e-01]
 [1.27255748e-10 2.07182367e-07 9.99967694e-01 3.20113068e-05]
 [9.99900937e-01 9.87516760e-05 2.36372642e-07 1.73966598e-07]
 [3.34643519e-05 7.04488921e-05 6.85615305e-05 9.99827504e-01]
 [1.27428637e-10 5.01318561e-12 9.99997973e-01 2.08532538e-06]
 [9.99999046e-01 8.46746161e-07 7.56343255e-09 7.99175055e-08]
 [1.00000000e+00 1.12587017e-09 3.36330352e-10 3.42188642e-08]
 [1.40020360e-08 1.31107999e-10 9.99999523e-01 5.15172985e-07]
 [2.73672090e-13 9.99999762e-01 3.90991662e-14 2.53618310e-07]
 [1.00000000e+00 4.46682780e-09 1.33955069e-10 3.19902549e-10]
 [6.80537626e-10 9.99947667e-01 2.66678318e-10 5.23396920e-05]
 [9.99870896e-01 6.62639010e-08 1.28969841e-04 7.95315103e-09]
 [2.31393802e-08 1.77892971e-07 9.99988556e-01 1.11690524e-05]
 [2.45986920e-09 8.11104961e-09 9.99996781e-01 3.26940471e-06]
 [1.15754947e-05 9.96810138e-01 4.47095545e-06 3.17383255e-03]
 [2.89301170e-05 9.98074412e-01 7.04762278e-05 1.82625873e-03]
 [1.28525801e-11 1.00000000e+00 5.03417013e-12 2.64456670e-08]
 [7.05919803e-08 9.99843001e-01 1.01774482e-07 1.56766313e-04]
 [9.99999404e-01 4.37905101e-07 2.50921159e-12 1.25423881e-07]
 [9.49515015e-06 4.17813748e-01 1.07709400e-03 5.81099629e-01]
 [1.00000000e+00 3.85705573e-13 1.58162193e-14 2.03326436e-11]
 [1.62969070e-06 1.14494769e-08 9.96700466e-01 3.29789193e-03]
 [1.59109083e-15 9.99999523e-01 2.57933645e-15 5.32561444e-07]
 [3.05934605e-04 8.21114302e-01 2.20552366e-03 1.76374242e-01]
 [9.99999881e-01 3.14606230e-09 2.27136750e-13 9.45259941e-08]
 [9.73626137e-01 5.32009581e-04 5.75178070e-04 2.52666101e-02]
 [9.99776661e-01 1.89764687e-05 2.03198593e-04 1.17586603e-06]
 [6.44679007e-04 4.62918207e-02 3.53612006e-02 9.17702258e-01]
 [1.33875926e-06 2.66793913e-11 9.99998212e-01 4.52730774e-07]
 [5.34423278e-04 2.59709775e-01 6.57989929e-09 7.39755809e-01]
 [5.15911146e-04 6.89932058e-05 9.99306321e-01 1.08748769e-04]
 [7.00748503e-01 7.21877161e-03 1.06099293e-01 1.85933396e-01]
 [1.96269643e-03 2.11704582e-01 9.06284825e-08 7.86332667e-01]
 [9.99999523e-01 1.06201545e-08 2.90276553e-11 5.30137754e-07]
 [2.35702896e-13 1.61860587e-08 1.68461321e-11 1.00000000e+00]
 [7.95483065e-05 3.76129299e-01 3.05156135e-07 6.23790920e-01]
 [1.45690205e-06 2.84649323e-05 3.74910996e-07 9.99969721e-01]
 [4.37656695e-07 1.34815139e-07 3.55869894e-08 9.99999404e-01]
 [1.09684368e-06 6.00925659e-07 9.99959111e-01 3.92595066e-05]
 [9.99477208e-01 1.13040864e-04 2.72723119e-04 1.37005685e-04]
 [1.31292235e-13 9.99995708e-01 7.02869620e-13 4.28881776e-06]
 [2.11873103e-05 1.23889295e-05 1.35711662e-03 9.98609304e-01]
 [9.99997854e-01 5.25114615e-07 7.66794244e-07 1.01215301e-06]
 [6.85385615e-03 2.37589270e-01 3.24778110e-02 7.23079085e-01]
 [1.00000000e+00 4.06450047e-14 1.01191225e-13 1.05199400e-12]
 [1.22870915e-07 9.93474305e-01 8.89339731e-08 6.52543688e-03]
 [5.15911146e-04 6.89932058e-05 9.99306321e-01 1.08748769e-04]
 [5.90471302e-13 3.23421295e-06 6.62962352e-09 9.99996781e-01]
 [1.44018564e-09 3.78019794e-12 1.00000000e+00 3.21378435e-09]
 [9.99946237e-01 1.91578997e-09 2.55277950e-08 5.37779561e-05]
 [1.27255748e-10 2.07182367e-07 9.99967694e-01 3.20113068e-05]
 [1.40020360e-08 1.31107999e-10 9.99999523e-01 5.15172985e-07]
 [1.13726117e-06 1.03251366e-02 9.31160808e-01 5.85129187e-02]
 [3.59204159e-06 9.72565711e-01 4.83349868e-04 2.69472916e-02]
 [9.99943018e-01 2.81411783e-08 6.59018484e-09 5.70298253e-05]
 [8.73575664e-06 1.59097021e-03 9.98274922e-01 1.25441555e-04]
 [3.68946484e-10 3.85561756e-11 9.99999881e-01 1.36738706e-07]
 [8.83639757e-08 9.97961998e-01 4.07066842e-08 2.03785254e-03]
 [9.99992371e-01 5.63127855e-07 4.70723489e-06 2.37262111e-06]
 [1.00000000e+00 1.02167119e-09 3.35888650e-10 1.91168973e-11]
 [3.58464308e-06 6.24612439e-04 4.61739860e-03 9.94754434e-01]
 [1.51068339e-16 9.99999285e-01 1.58339545e-14 7.19705838e-07]
 [2.89971415e-11 9.99821365e-01 4.43761639e-10 1.78719434e-04]
 [8.56367197e-16 1.00000000e+00 9.97454484e-17 2.42347298e-09]
 [3.08649316e-02 1.12961396e-03 9.32668686e-01 3.53367813e-02]
 [9.38135347e-10 3.91781532e-06 2.14011664e-07 9.99995828e-01]
 [9.99475539e-01 4.47223982e-04 2.19250542e-05 5.53170539e-05]
 [9.65956648e-10 1.52875273e-05 2.76955863e-08 9.99984741e-01]
 [3.11367516e-14 1.00000000e+00 3.91316135e-15 1.30630200e-08]
 [1.75714667e-05 2.79985557e-07 1.07224267e-04 9.99874949e-01]
 [1.09899993e-05 1.89065813e-05 2.16179862e-04 9.99753892e-01]
 [1.24876068e-10 9.52348091e-06 1.71868635e-06 9.99988794e-01]]
[35, 9, 252, 393, 322, 198, 379, 227, 32, 217, 193, 307, 225, 117, 251, 131, 8, 120, 360, 145, 83, 214, 114, 294, 124, 92, 395, 90, 268, 391, 130, 291, 36, 398, 315, 319, 281, 105, 150, 261, 166, 95, 158, 45, 345, 186, 65, 303, 41, 374, 30, 98, 399, 221, 331, 133, 350, 235, 136, 302, 96, 57, 274, 172, 337, 161, 321, 34, 18, 74, 282, 359, 128, 52, 189, 308, 296, 211, 247, 222]
[[0 0 2 3 3 1 3 2 0 2 1 3 2 1 2 1 0 1 3 1 0 2 1 2 1 0 3 0 2 3 1 2 0 3 3 3
  2 1 1 2 1 0 1 0 3 1 0 3 0 3 0 0 3 2 3 1 3 2 1 3 0 0 2 1 3 1 3 0 0 0 2 3
  1 0 1 3 2 2 2 2]]
Test loss:0.41698680222034457Test accuracy:0.925
[[9.99966025e-01 8.32342621e-08 3.18970501e-06 3.06685288e-05]
 [9.99998450e-01 1.55045620e-06 3.55326968e-08 5.06207627e-08]
 [1.24826038e-10 9.95058983e-12 1.00000000e+00 5.44195711e-09]
 [1.51485338e-10 4.24612244e-06 1.53435588e-01 8.46560180e-01]
 [1.35549998e-08 3.13245947e-03 1.49578355e-07 9.96867359e-01]
 [2.64835373e-22 1.00000000e+00 1.87132201e-28 3.88747533e-14]
 [2.55442092e-06 9.98134077e-01 1.35977034e-05 1.84992433e-03]
 [1.39476763e-17 8.61767092e-13 9.99999523e-01 4.48765434e-07]
 [9.99974370e-01 5.65970950e-08 2.24324315e-09 2.56556850e-05]
 [2.22321554e-12 2.87928792e-09 9.99999046e-01 9.27276403e-07]
 [1.56188995e-04 2.76207342e-03 1.57605764e-02 9.81321156e-01]
 [5.36620792e-06 6.52331607e-07 6.62446558e-01 3.37547421e-01]
 [6.55852855e-18 5.96381647e-20 1.00000000e+00 1.32307400e-13]
 [1.34448577e-10 1.00000000e+00 2.28157896e-14 6.56522969e-09]
 [7.46013393e-05 1.73249537e-05 9.99872208e-01 3.58304133e-05]
 [1.28124822e-12 1.00000000e+00 7.13766289e-15 8.36403213e-09]
 [9.99980211e-01 3.50459209e-06 2.19707431e-06 1.41693899e-05]
 [4.18483978e-06 9.99951959e-01 2.09992717e-08 4.38526258e-05]
 [2.83410906e-10 2.05401884e-05 5.75985780e-07 9.99978900e-01]
 [1.12253645e-07 9.99993801e-01 5.23925188e-08 6.06535741e-06]
 [9.99985218e-01 6.21158051e-06 6.88811763e-09 8.58686326e-06]
 [2.50946385e-07 2.74144241e-09 9.99999166e-01 6.22598066e-07]
 [2.32440198e-06 9.98463869e-01 3.87375195e-07 1.53340620e-03]
 [3.25209482e-09 2.17646651e-10 9.99995947e-01 4.06442314e-06]
 [3.62185091e-01 6.36239886e-01 1.05781911e-03 5.17161447e-04]
 [9.99995947e-01 1.27545178e-07 3.93110258e-06 1.18789352e-08]
 [1.60887212e-05 5.46444266e-04 1.97912827e-01 8.01524639e-01]
 [9.99299884e-01 1.93802276e-04 4.39558789e-04 6.66886990e-05]
 [2.14717257e-08 2.61495035e-04 1.91470271e-03 9.97823834e-01]
 [2.05757322e-09 6.20381286e-07 6.03667422e-06 9.99993324e-01]
 [3.85903576e-09 9.99933243e-01 1.65109204e-10 6.67821514e-05]
 [2.18693958e-06 3.68440010e-06 9.99835253e-01 1.58893861e-04]
 [9.99996901e-01 5.27009414e-09 1.96681776e-06 1.16156298e-06]
 [1.46286138e-05 8.58898181e-03 3.90329733e-05 9.91357327e-01]
 [1.18217303e-03 2.47145561e-03 2.45798111e-01 7.50548303e-01]
 [5.86640954e-06 1.75828265e-13 1.10700043e-07 9.99994040e-01]
 [7.84726399e-06 4.19267323e-08 9.99973893e-01 1.82429976e-05]
 [5.26353950e-04 9.93070066e-01 1.03043020e-03 5.37320273e-03]
 [1.82322353e-08 9.99761045e-01 3.59798378e-08 2.38982218e-04]
 [6.40903045e-06 1.48503773e-06 9.99967813e-01 2.42824426e-05]
 [2.71424892e-06 9.69181836e-01 7.52410560e-05 3.07402574e-02]
 [9.76701975e-01 1.41027371e-07 2.32978761e-02 1.04795539e-09]
 [1.22635382e-13 1.00000000e+00 3.43180848e-19 6.63401693e-14]
 [9.99994040e-01 8.66854009e-07 5.11908684e-06 2.61691344e-08]
 [6.88721359e-01 1.70177221e-01 8.33104423e-06 1.41093150e-01]
 [4.88407403e-09 9.99966741e-01 3.62263474e-12 3.32313975e-05]
 [9.99999046e-01 7.95158428e-07 9.76206636e-08 1.10066706e-10]
 [2.45392797e-14 3.19400556e-07 4.37197591e-16 9.99999642e-01]
 [9.99985218e-01 1.47237943e-05 3.58094360e-10 4.02332279e-10]
 [3.40956287e-03 3.57958935e-02 1.19358152e-01 8.41436327e-01]
 [9.99999166e-01 1.96243688e-09 8.80078005e-07 2.02500234e-12]
 [9.99839067e-01 2.06611185e-05 1.31078617e-04 9.20545517e-06]
 [6.97045774e-15 4.53868729e-08 1.12180176e-09 1.00000000e+00]
 [1.63740963e-02 4.79779374e-05 9.77433860e-01 6.14403468e-03]
 [3.81067093e-03 3.16271484e-02 1.89023800e-02 9.45659816e-01]
 [1.58977117e-12 9.99999881e-01 1.07010992e-13 9.80028219e-08]
 [4.04083794e-10 3.70991305e-02 1.16458853e-06 9.62899685e-01]
 [1.53355158e-11 2.16676499e-09 9.99998808e-01 1.24160215e-06]
 [6.55980102e-07 5.96763253e-01 4.01846558e-01 1.38951745e-03]
 [1.02237515e-11 6.91537105e-13 7.30548265e-07 9.99999285e-01]
 [1.00000000e+00 2.42099780e-08 1.36604523e-08 1.13083189e-11]
 [9.99420166e-01 3.83593782e-04 1.95574903e-04 5.92810807e-07]
 [2.98086275e-06 9.25275090e-05 9.99698043e-01 2.06512021e-04]
 [2.29661353e-03 9.53534901e-01 2.01402698e-03 4.21544947e-02]
 [1.90460720e-11 2.24602670e-10 2.30922481e-08 1.00000000e+00]
 [5.03849532e-11 1.00000000e+00 1.84939087e-12 5.00255553e-08]
 [1.89508253e-11 6.13897055e-06 4.47620209e-07 9.99993443e-01]
 [9.99999404e-01 1.10542979e-08 1.64715203e-11 5.86663418e-07]
 [9.99396682e-01 4.82996256e-04 1.17517615e-04 2.89527156e-06]
 [9.99778688e-01 3.47434138e-06 6.01065403e-05 1.57823961e-04]
 [6.91538502e-18 5.61515338e-20 1.00000000e+00 1.34868557e-13]
 [2.65305838e-20 8.34365517e-16 6.61428441e-17 1.00000000e+00]
 [1.00853679e-12 9.99999881e-01 5.68090768e-13 6.15733313e-08]
 [5.81054810e-05 1.28517674e-09 1.11674508e-02 9.88774419e-01]
 [4.94451979e-06 9.99933362e-01 2.99716563e-09 6.17875558e-05]
 [6.61090604e-09 1.07551450e-02 8.77945786e-06 9.89236057e-01]
 [1.33902887e-07 3.05900841e-07 9.99935031e-01 6.44383690e-05]
 [5.48473696e-15 8.08786961e-17 1.00000000e+00 1.40038649e-11]
 [2.74130143e-03 7.70271232e-04 9.51992571e-01 4.44958881e-02]
 [4.67832327e-12 1.19446824e-13 1.00000000e+00 3.13273796e-10]]
[396, 86, 158, 392, 65, 384, 232, 278, 122, 138, 261, 186, 308, 208, 46, 214, 14, 72, 217, 365, 381, 315, 88, 391, 10, 213, 47, 277, 154, 38, 258, 100, 207, 260, 334, 15, 48, 323, 168, 311, 30, 198, 82, 393, 233, 320, 263, 87, 256, 190, 2, 353, 319, 7, 172, 333, 109, 350, 376, 237, 257, 197, 32, 342, 287, 383, 49, 395, 163, 130, 151, 76, 145, 55, 93, 251, 325, 366, 97, 377]
[[3 0 1 3 0 3 2 2 1 1 2 1 3 2 0 2 0 0 2 3 3 3 0 3 0 2 0 2 1 0 2 0 2 2 3 0
  0 3 1 3 0 1 0 3 2 3 2 0 2 1 0 3 3 0 1 3 1 3 3 2 2 1 0 3 2 3 0 3 1 1 1 0
  1 0 0 2 3 3 0 3]]
Test loss:0.3211756482720375Test accuracy:0.9375
[[6.15076630e-08 9.06769514e-01 2.48354226e-08 9.32304263e-02]
 [1.00000000e+00 1.49679369e-09 8.04277478e-11 7.68696131e-12]
 [1.97329115e-15 1.00000000e+00 3.78406706e-22 4.87584246e-16]
 [8.85707632e-05 3.09563325e-06 2.11440347e-04 9.99696970e-01]
 [9.99982834e-01 1.70492640e-05 1.66445048e-07 6.98382352e-10]
 [1.90791980e-04 5.00550959e-03 1.96020716e-04 9.94607687e-01]
 [1.69168999e-08 1.27566602e-09 9.99998093e-01 1.93754477e-06]
 [3.88275948e-04 9.99402046e-01 2.33154694e-07 2.09392456e-04]
 [3.56705030e-08 9.99671221e-01 6.11764150e-09 3.28757538e-04]
 [9.44055864e-05 9.95694518e-01 1.83876983e-10 4.21106862e-03]
 [4.63654214e-06 1.34844493e-06 9.99975324e-01 1.86839479e-05]
 [5.48742833e-07 9.98154581e-01 6.41384723e-10 1.84482930e-03]
 [7.56052145e-08 3.76096182e-03 4.75114175e-05 9.96191382e-01]
 [1.88525817e-13 9.51605439e-13 1.00000000e+00 6.02504180e-09]
 [9.92636681e-01 4.18299390e-03 3.15014319e-03 3.01614891e-05]
 [2.07627778e-07 1.13320264e-09 9.99999046e-01 7.39105303e-07]
 [1.00000000e+00 1.51368731e-08 3.30482273e-08 5.23232011e-13]
 [8.98015440e-01 1.32422472e-04 9.69430357e-02 4.90919687e-03]
 [1.49642979e-10 9.44721634e-10 9.99993920e-01 6.13687280e-06]
 [1.03576318e-03 1.99264824e-01 1.50035453e-06 7.99697936e-01]
 [3.39612691e-03 1.72831686e-04 3.13461088e-02 9.65084910e-01]
 [2.34903116e-03 8.75670183e-03 1.20866280e-02 9.76807594e-01]
 [9.99758303e-01 2.21503768e-04 2.04642106e-06 1.81629166e-05]
 [7.40730002e-08 3.63190225e-06 7.25889549e-05 9.99923706e-01]
 [9.99999046e-01 8.21899903e-07 6.78907313e-08 1.35161828e-08]
 [3.63039507e-14 2.42170510e-15 1.00000000e+00 9.56991777e-12]
 [9.99999166e-01 8.65787740e-07 1.25768074e-09 4.58104488e-09]
 [1.20064083e-08 2.51149174e-07 9.99986768e-01 1.29664895e-05]
 [6.23612815e-13 1.00000000e+00 1.85855016e-15 2.50589416e-08]
 [1.00000000e+00 3.32025883e-15 4.68239163e-13 7.46637085e-10]
 [2.02638439e-05 1.12206430e-06 9.99912024e-01 6.65755942e-05]
 [9.98833954e-01 4.89570302e-05 1.04961824e-03 6.75042174e-05]
 [5.18135130e-02 3.58414627e-03 9.43558216e-01 1.04418956e-03]
 [2.73954973e-11 1.20797212e-13 1.00000000e+00 1.23432553e-09]
 [1.25026256e-02 1.80089485e-03 6.89202428e-01 2.96494007e-01]
 [1.00000000e+00 3.37559958e-09 5.16060458e-12 8.48689088e-12]
 [9.60729539e-01 2.72080414e-02 5.05642546e-03 7.00598909e-03]
 [2.54711011e-07 5.29144240e-09 1.00281439e-09 9.99999762e-01]
 [2.55641258e-10 9.98128712e-01 2.88888132e-11 1.87125127e-03]
 [1.09093170e-08 3.14461124e-09 5.58702277e-06 9.99994397e-01]
 [9.99900579e-01 3.90292712e-07 9.90670669e-05 9.39033643e-11]
 [1.27853391e-19 1.00000000e+00 7.30145002e-27 2.50878453e-14]
 [9.99915600e-01 6.28562157e-06 7.20443268e-06 7.09489323e-05]
 [3.20770077e-08 4.60891169e-06 8.48731637e-01 1.51263744e-01]
 [2.99329450e-11 7.40178318e-14 1.00000000e+00 7.14824377e-09]
 [8.60830796e-10 2.10570034e-11 1.99336988e-12 1.00000000e+00]
 [1.75468244e-08 1.32077704e-09 9.99997973e-01 2.02517049e-06]
 [9.99993205e-01 9.02006548e-07 4.70617988e-06 1.24917733e-06]
 [5.57888279e-06 1.89328520e-03 9.97162402e-01 9.38729034e-04]
 [3.96438003e-01 4.90409099e-02 6.17892016e-03 5.48342168e-01]
 [9.99999285e-01 7.15326507e-07 2.79033008e-16 1.66475234e-09]
 [8.33736369e-09 8.69285068e-05 7.01246681e-05 9.99842882e-01]
 [3.19963277e-07 3.73887807e-16 2.30690674e-07 9.99999404e-01]
 [9.99999523e-01 4.88505868e-11 4.05294687e-11 4.60168820e-07]
 [4.69744951e-03 9.70773339e-01 1.31796126e-03 2.32112128e-02]
 [3.93516850e-04 1.40335830e-03 3.09124980e-02 9.67290580e-01]
 [5.42130522e-07 9.98732626e-01 2.96321581e-08 1.26676098e-03]
 [6.59443999e-10 4.83809446e-04 2.75679827e-06 9.99513388e-01]
 [2.46106538e-07 2.58451507e-07 5.69890233e-08 9.99999404e-01]
 [1.17729627e-07 7.47028395e-09 9.99998927e-01 9.83598056e-07]
 [1.92982043e-07 2.48796872e-09 9.99995112e-01 4.60002957e-06]
 [6.71557085e-18 1.00000000e+00 2.65427314e-20 3.89828274e-12]
 [8.77127111e-01 6.14256379e-09 1.47146855e-08 1.22872859e-01]
 [6.59818174e-13 6.01393826e-13 2.14997839e-10 1.00000000e+00]
 [3.23243403e-05 3.37759229e-06 9.99896288e-01 6.79862205e-05]
 [1.32026835e-04 5.84267043e-02 2.35848408e-03 9.39082801e-01]
 [9.99980330e-01 1.97063891e-05 1.05434869e-10 5.13929177e-10]
 [2.24783478e-04 1.33452320e-03 3.51505458e-01 6.46935165e-01]
 [7.23558106e-03 8.86965573e-01 1.09115581e-03 1.04707591e-01]
 [2.35144579e-08 9.99689698e-01 2.14213780e-09 3.10336996e-04]
 [1.77926231e-05 9.98643816e-01 3.01122850e-06 1.33544183e-03]
 [1.00000000e+00 3.45512193e-13 1.30062396e-15 1.28204331e-11]
 [1.88679951e-06 9.99984026e-01 1.08446898e-07 1.39998247e-05]
 [9.96010423e-01 5.31676575e-04 3.44834267e-03 9.55146788e-06]
 [8.44738662e-01 1.61718091e-07 1.55261159e-01 5.19194909e-09]
 [9.61382320e-05 3.53347823e-05 9.99833107e-01 3.53937685e-05]
 [4.82448771e-13 2.00222814e-07 5.88295526e-13 9.99999762e-01]
 [1.43452693e-04 3.41781437e-01 5.49702490e-05 6.58020139e-01]
 [9.99008119e-01 3.09512921e-04 6.82297105e-04 1.39324442e-07]
 [1.34024403e-05 3.42968036e-03 1.21102967e-04 9.96435761e-01]]
[60, 178, 139, 165, 393, 252, 137, 228, 274, 191, 19, 333, 147, 232, 70, 155, 38, 343, 369, 99, 344, 210, 89, 17, 305, 367, 93, 286, 129, 194, 31, 62, 130, 357, 231, 107, 153, 297, 307, 390, 207, 142, 334, 120, 163, 179, 12, 381, 110, 338, 97, 83, 358, 317, 271, 133, 40, 351, 329, 301, 157, 71, 299, 197, 347, 213, 164, 67, 14, 291, 77, 386, 162, 375, 37, 355, 65, 185, 385, 234]
[[0 1 1 1 3 2 1 2 2 1 0 3 1 2 0 1 0 3 3 0 3 2 0 0 3 3 0 2 1 1 0 0 1 3 2 1
  1 2 3 3 2 1 3 1 1 1 0 3 1 3 0 0 3 3 2 1 0 3 3 3 1 0 2 1 3 2 1 0 0 2 0 3
  1 3 0 3 0 1 3 2]]
Test loss:0.291141352802515Test accuracy:0.9
[[2.24957541e-01 7.49891520e-01 3.23225722e-05 2.51185484e-02]
 [7.62656033e-01 3.45711820e-02 5.66430026e-06 2.02767119e-01]
 [1.20648213e-17 1.00000000e+00 1.72599871e-17 1.29528788e-09]
 [7.84136428e-05 9.88139987e-01 4.87535121e-03 6.90621417e-03]
 [1.46611585e-08 3.11565668e-06 8.95070843e-03 9.91046131e-01]
 [1.02368625e-09 7.60031881e-12 1.00000000e+00 6.72764022e-09]
 [7.33134584e-05 9.93741572e-01 2.21647136e-03 3.96862300e-03]
 [4.64827287e-14 5.62554179e-16 1.00000000e+00 1.31530283e-15]
 [1.07553865e-06 8.52164230e-05 9.99796093e-01 1.17590702e-04]
 [1.57394447e-06 9.99939322e-01 2.38197853e-08 5.90901109e-05]
 [9.99999285e-01 5.40625766e-10 1.02056674e-08 7.28348596e-07]
 [7.12738954e-04 1.39681320e-03 4.17185994e-03 9.93718624e-01]
 [3.55327984e-07 9.98952389e-01 1.24493402e-08 1.04728201e-03]
 [1.18657073e-09 5.18174427e-11 1.00000000e+00 3.26134000e-08]
 [9.99998569e-01 7.77566761e-11 2.90742030e-09 1.42902854e-06]
 [2.65993439e-16 1.00000000e+00 2.89069151e-17 7.73537678e-09]
 [1.00000000e+00 6.41102893e-17 2.73198877e-11 5.80364645e-10]
 [4.16177834e-13 2.92564667e-10 3.43358906e-08 1.00000000e+00]
 [1.04040354e-09 3.26964291e-05 1.60236723e-07 9.99967098e-01]
 [9.99868035e-01 9.32792500e-06 9.25099739e-05 3.01696346e-05]
 [6.52810484e-02 3.78951131e-06 7.62652934e-01 1.72062218e-01]
 [5.97462207e-16 7.43147500e-18 1.00000000e+00 1.85820475e-13]
 [9.83068049e-01 1.45703589e-03 1.54060712e-02 6.88786240e-05]
 [9.99846578e-01 9.49678815e-06 2.50012872e-05 1.18843011e-04]
 [2.88998945e-06 1.54896816e-06 7.81041308e-05 9.99917507e-01]
 [9.01751578e-01 9.76777524e-02 6.46950582e-08 5.70623612e-04]
 [9.98854637e-01 4.74003315e-07 1.14488823e-03 5.32760946e-09]
 [2.32047981e-09 6.97241848e-11 9.99998808e-01 1.20099435e-06]
 [1.39211178e-15 9.99999881e-01 1.07060698e-15 8.73887487e-08]
 [3.99943689e-10 9.99836683e-01 1.82645143e-09 1.63289908e-04]
 [1.00000000e+00 5.05570341e-09 9.37179312e-09 2.52728505e-10]
 [9.84268248e-01 3.99645869e-05 7.46927748e-04 1.49448393e-02]
 [7.65290109e-10 9.99710500e-01 9.10565567e-10 2.89522519e-04]
 [2.79805996e-03 6.52751699e-03 3.01624405e-05 9.90644217e-01]
 [9.45377350e-03 7.50276570e-08 9.90544319e-01 1.81579594e-06]
 [1.14849579e-04 9.87005234e-01 1.16477211e-04 1.27634201e-02]
 [4.08426608e-08 9.96416450e-01 1.38947298e-10 3.58356349e-03]
 [8.40749708e-04 5.19178548e-06 9.92878020e-01 6.27610367e-03]
 [2.08042009e-04 5.59172747e-07 7.91846365e-02 9.20606732e-01]
 [6.66830757e-10 4.77762333e-05 7.47579515e-01 2.52372712e-01]
 [4.48347442e-02 4.01767110e-03 9.49272573e-01 1.87499868e-03]
 [2.25208252e-15 1.00000000e+00 4.76588977e-17 5.92043567e-11]
 [4.82040830e-03 1.44534628e-03 9.42923844e-01 5.08102961e-02]
 [9.04876913e-07 9.99980330e-01 1.14495302e-08 1.86833458e-05]
 [5.21852542e-03 8.95987809e-01 9.27100133e-04 9.78665426e-02]
 [5.70636940e-11 1.00000000e+00 1.87505109e-14 2.85888424e-09]
 [1.00000000e+00 2.57892729e-09 6.68445767e-13 1.14421694e-10]
 [5.79273270e-04 2.49256293e-04 2.03735568e-03 9.97134089e-01]
 [5.29905208e-07 9.79814589e-01 3.49577385e-06 2.01813877e-02]
 [9.99154217e-05 2.75558561e-01 6.92791888e-04 7.23648667e-01]
 [9.99921441e-01 1.15220873e-05 6.69792789e-05 2.11285602e-08]
 [9.99970198e-01 1.68998031e-06 2.64784923e-08 2.81717130e-05]
 [1.79925191e-05 2.60006986e-04 1.54016868e-06 9.99720395e-01]
 [1.13519609e-05 1.71752736e-01 3.46491191e-07 8.28235507e-01]
 [3.23017546e-09 1.43944208e-05 9.99866843e-01 1.18695556e-04]
 [2.57028285e-13 9.99999523e-01 3.74503624e-13 5.02208252e-07]
 [9.99996662e-01 1.23336535e-10 9.46664727e-07 2.38938924e-06]
 [2.33850460e-05 5.89066267e-01 1.52557367e-03 4.09384757e-01]
 [7.32333910e-06 5.82307166e-06 2.73006081e-05 9.99959588e-01]
 [5.66401179e-12 2.99090064e-09 2.73540524e-10 1.00000000e+00]
 [1.46530117e-04 9.74841535e-01 2.50113849e-02 5.39391010e-07]
 [7.20380545e-02 5.34855835e-02 1.17219051e-05 8.74464631e-01]
 [6.46953708e-08 2.25679284e-12 9.99984026e-01 1.58864223e-05]
 [1.04186732e-17 1.00000000e+00 2.13412970e-18 2.84939277e-11]
 [6.77876315e-08 3.68844212e-07 8.42093417e-09 9.99999523e-01]
 [3.77910756e-13 5.58376295e-17 1.00000000e+00 5.63355027e-13]
 [1.95630984e-10 9.99998689e-01 5.84416959e-11 1.25317081e-06]
 [9.68940914e-01 4.49109561e-04 7.34951056e-04 2.98749674e-02]
 [1.00000000e+00 4.63643485e-10 3.29940626e-08 4.51319890e-14]
 [9.10977087e-06 1.56367096e-05 9.99940038e-01 3.51131093e-05]
 [9.99999642e-01 3.96852079e-10 6.23736894e-15 3.91176911e-07]
 [1.43679624e-14 1.40746997e-10 5.78244484e-13 1.00000000e+00]
 [1.41634711e-03 9.87024426e-01 1.54156383e-04 1.14050992e-02]
 [2.42340648e-05 2.36052185e-01 1.11133629e-03 7.62812257e-01]
 [9.12484646e-01 8.72540921e-02 6.67366403e-05 1.94536595e-04]
 [1.58161274e-04 2.05363162e-04 1.85918238e-04 9.99450505e-01]
 [9.99999046e-01 6.82023256e-07 2.42189060e-07 7.34855787e-11]
 [9.41042356e-14 1.00000000e+00 1.74551931e-16 3.88189321e-08]
 [3.01148032e-16 1.40132168e-11 7.90682016e-12 1.00000000e+00]
 [4.19375775e-12 4.83122690e-14 1.00000000e+00 1.37900497e-10]]
[305, 154, 183, 112, 24, 127, 320, 297, 186, 178, 73, 268, 172, 311, 68, 244, 218, 106, 185, 129, 387, 15, 109, 316, 7, 327, 30, 373, 79, 243, 258, 236, 19, 400, 313, 391, 179, 44, 390, 262, 330, 233, 213, 87, 29, 128, 121, 285, 288, 31, 317, 91, 113, 124, 292, 375, 298, 145, 169, 240, 308, 299, 321, 144, 9, 377, 166, 353, 41, 11, 381, 204, 46, 208, 284, 156, 100, 78, 247, 325]
[[3 1 1 1 0 1 3 2 1 1 0 2 1 3 0 2 2 1 1 1 3 0 1 3 0 3 0 3 0 2 2 2 0 3 3 3
  1 0 3 2 3 2 2 0 0 1 1 2 2 0 3 0 1 1 2 3 2 1 1 2 3 2 3 1 0 3 1 3 0 0 3 2
  0 2 2 1 0 0 2 3]]
Test loss:0.4722082827240229Test accuracy:0.925
[[9.26452776e-06 3.93153670e-08 2.25798340e-05 9.99968171e-01]
 [6.35006777e-14 1.00000000e+00 1.41379030e-17 9.33981115e-10]
 [1.43124822e-07 9.99907970e-01 8.19085599e-09 9.19215308e-05]
 [3.19951214e-05 9.99945402e-01 1.61886848e-13 2.26451575e-05]
 [9.95645404e-01 3.82481667e-04 2.89817434e-03 1.07395696e-03]
 [5.83059913e-13 1.00000000e+00 3.34113231e-16 5.82678661e-09]
 [1.51498707e-08 7.97352517e-10 6.80300044e-12 1.00000000e+00]
 [8.03992967e-04 7.49206902e-06 9.50260699e-01 4.89277542e-02]
 [3.28891037e-04 9.67481256e-01 1.44874904e-10 3.21898237e-02]
 [9.99972463e-01 2.34766158e-05 5.79359949e-10 4.06227355e-06]
 [9.99979734e-01 1.86635638e-11 2.31073329e-08 2.02733154e-05]
 [5.45148760e-06 6.10573799e-04 4.18031096e-01 5.81352890e-01]
 [1.28803926e-03 9.76074517e-01 7.51704036e-04 2.18857694e-02]
 [1.07584848e-08 8.00463962e-09 9.41589096e-05 9.99905825e-01]
 [9.98477519e-01 1.23387901e-03 1.05517574e-04 1.83214084e-04]
 [2.35624276e-09 1.26366539e-11 9.99998093e-01 1.88819945e-06]
 [1.03302096e-04 6.93291076e-06 9.96572375e-01 3.31741059e-03]
 [3.25096742e-04 7.91435301e-01 5.32748690e-03 2.02912167e-01]
 [7.61108676e-11 1.00000000e+00 1.95185720e-15 1.49556456e-08]
 [1.05144724e-14 1.00000000e+00 1.54266020e-18 5.90685834e-10]
 [2.86664616e-11 3.19335982e-06 2.35841367e-06 9.99994397e-01]
 [1.00000000e+00 1.30315259e-10 6.81834190e-12 2.55888956e-11]
 [2.16489866e-08 9.99979615e-01 7.47393675e-11 2.04361968e-05]
 [2.96326989e-14 1.10142588e-04 5.73739944e-11 9.99889851e-01]
 [9.99996781e-01 7.97630538e-12 1.92089782e-11 3.25380233e-06]
 [1.07117004e-09 2.40808651e-10 7.14393322e-10 1.00000000e+00]
 [9.99996543e-01 4.45237758e-09 3.50298865e-06 2.82677753e-11]
 [7.10410532e-05 9.82351601e-01 4.44472628e-03 1.31325731e-02]
 [1.00000000e+00 5.11868503e-09 3.17177618e-10 3.14314019e-10]
 [2.10394422e-08 2.10305162e-10 9.99997735e-01 2.26120596e-06]
 [3.05341518e-06 3.12603028e-08 9.99841094e-01 1.55734422e-04]
 [6.52365592e-11 1.15194743e-09 9.99986649e-01 1.33177882e-05]
 [9.99999523e-01 1.08034361e-12 1.10317977e-09 5.16776197e-07]
 [1.77156609e-02 2.94097871e-01 1.81556970e-04 6.88004851e-01]
 [4.21868215e-13 2.33877127e-13 1.17675230e-14 1.00000000e+00]
 [2.66870757e-08 8.12044831e-08 3.22648316e-06 9.99996662e-01]
 [7.38928224e-11 1.00000000e+00 2.60258007e-18 3.58548304e-12]
 [9.99983788e-01 1.53185229e-05 3.62417616e-08 7.89848286e-07]
 [1.12149769e-11 6.57287237e-05 9.36111987e-01 6.38222843e-02]
 [1.77639492e-13 4.41415762e-16 1.00000000e+00 5.51038881e-10]
 [4.11482324e-05 1.07080222e-09 1.47983758e-03 9.98479068e-01]
 [1.37851753e-11 1.23957876e-14 9.99999881e-01 1.62756891e-07]
 [2.31643030e-14 2.54407907e-16 1.00000000e+00 5.99687943e-14]
 [9.99993682e-01 9.40461064e-07 2.83982740e-06 2.54465817e-06]
 [9.99802530e-01 9.29231003e-09 3.00668853e-06 1.94531356e-04]
 [4.48956437e-13 9.99999881e-01 2.17150015e-13 7.77269449e-08]
 [1.06684129e-05 9.99297261e-01 3.15939600e-04 3.76073789e-04]
 [5.20758159e-11 6.51725039e-14 9.99997616e-01 2.32652110e-06]
 [5.07532950e-19 2.51346713e-19 1.00000000e+00 2.61246137e-15]
 [1.00000000e+00 1.01959219e-09 7.34936417e-11 3.71914000e-10]
 [4.09228342e-05 6.71597064e-01 4.76711591e-07 3.28361541e-01]
 [8.31341743e-01 8.76685557e-10 1.68546304e-01 1.12021276e-04]
 [1.19526932e-11 1.40181489e-09 1.00000000e+00 6.01547656e-09]
 [9.42072496e-02 9.05598342e-01 1.36959599e-04 5.74783517e-05]
 [3.41352902e-08 7.58725060e-13 1.00000000e+00 1.40992986e-08]
 [4.65405501e-05 1.67023644e-01 3.25071858e-03 8.29679072e-01]
 [7.89149579e-11 1.18183770e-13 9.99997258e-01 2.79866708e-06]
 [1.35782875e-06 9.99917865e-01 5.25140194e-07 8.03505536e-05]
 [7.86966062e-04 6.36362374e-01 2.26760477e-07 3.62850398e-01]
 [4.67342431e-07 1.08917930e-05 9.95065272e-01 4.92330920e-03]
 [5.27480836e-07 5.33807874e-02 2.08956935e-05 9.46597815e-01]
 [2.69598274e-07 5.97003480e-12 9.23497200e-01 7.65025467e-02]
 [8.83711437e-11 4.10817302e-06 1.30358401e-07 9.99995708e-01]
 [1.77254158e-08 9.99988914e-01 6.47259242e-08 1.09100756e-05]
 [9.99999762e-01 6.56604584e-08 2.74410823e-08 1.22433562e-07]
 [6.49450230e-05 2.33353898e-02 2.24482850e-04 9.76375163e-01]
 [1.92447956e-07 9.95068192e-01 1.51906250e-04 4.77965549e-03]
 [2.88833952e-08 1.50633778e-03 7.76493980e-05 9.98415947e-01]
 [9.99998093e-01 1.89943512e-06 3.60642453e-11 8.37014014e-10]
 [9.99982715e-01 8.47368753e-09 8.03534572e-09 1.72964410e-05]
 [2.83778470e-04 4.57473143e-05 2.16430379e-03 9.97506201e-01]
 [1.92082918e-08 5.39943177e-12 9.99999523e-01 4.78639038e-07]
 [9.97896671e-01 5.09334088e-04 1.58858998e-03 5.33189677e-06]
 [6.75341553e-17 1.87264119e-15 1.00000000e+00 1.34647016e-09]
 [7.55312154e-03 5.63232340e-02 9.22868013e-01 1.32556101e-02]
 [3.57800905e-16 1.00000000e+00 3.05824596e-19 2.58643697e-11]
 [9.99392509e-01 2.13342195e-04 2.38227745e-04 1.55780828e-04]
 [9.99955773e-01 6.52337429e-09 1.16546755e-06 4.30877335e-05]
 [7.50147970e-04 2.19199946e-03 9.77956295e-01 1.91014744e-02]
 [5.30118323e-16 1.45503187e-09 5.19743969e-16 1.00000000e+00]]
[217, 261, 16, 329, 291, 22, 98, 305, 282, 230, 397, 375, 191, 356, 228, 51, 190, 156, 373, 116, 286, 204, 276, 250, 334, 13, 342, 119, 74, 195, 386, 210, 395, 243, 338, 108, 155, 251, 41, 337, 178, 97, 247, 151, 183, 351, 292, 209, 77, 279, 55, 18, 201, 193, 326, 328, 176, 36, 221, 180, 150, 163, 141, 11, 59, 71, 240, 60, 382, 15, 7, 321, 101, 396, 207, 24, 218, 355, 72, 100]
[[2 2 0 3 2 0 0 3 2 2 3 3 1 3 2 0 1 1 3 1 2 2 2 2 3 0 3 1 0 1 3 2 3 2 3 1
  1 2 0 3 1 0 2 1 1 3 2 2 0 2 0 0 2 1 3 3 1 0 2 1 1 1 1 0 0 0 2 0 3 0 0 3
  1 3 2 0 2 3 0 0]]
Test loss:0.5521160960197449Test accuracy:0.85
[[1.96329442e-09 1.64090325e-10 9.99955416e-01 4.45588230e-05]
 [8.40538451e-06 1.15112755e-06 9.99973178e-01 1.72500040e-05]
 [9.99970913e-01 6.64855122e-08 2.89680665e-05 5.03488877e-08]
 [4.64330242e-07 9.59116733e-06 2.58461776e-04 9.99731481e-01]
 [1.36466929e-06 2.38541998e-06 9.99984026e-01 1.22262800e-05]
 [1.00000000e+00 2.21152905e-11 1.54665994e-12 1.27092416e-11]
 [9.99907494e-01 1.21112953e-05 6.86910498e-05 1.16558749e-05]
 [4.79511436e-06 2.76066629e-07 7.09095548e-05 9.99924064e-01]
 [1.83668117e-14 8.34160569e-19 1.00000000e+00 8.52462632e-12]
 [6.14400449e-07 4.59786307e-08 9.99943733e-01 5.55273691e-05]
 [1.90835799e-05 9.99940634e-01 5.26982049e-08 4.02593250e-05]
 [6.82858035e-06 4.18980449e-01 7.72084924e-04 5.80240667e-01]
 [7.02608020e-07 9.99992251e-01 1.36961864e-09 7.08831112e-06]
 [1.54821365e-08 4.60722838e-08 4.90574985e-06 9.99994993e-01]
 [2.58945296e-11 1.33344903e-16 1.00000000e+00 3.69070746e-12]
 [9.99999404e-01 2.36876713e-10 3.73550474e-13 6.32122294e-07]
 [6.50490463e-01 2.57478714e-01 5.18888757e-02 4.01419178e-02]
 [2.50051273e-16 1.00000000e+00 1.46149282e-17 1.54379967e-10]
 [4.05732935e-05 8.81709158e-01 1.01116216e-02 1.08138733e-01]
 [2.50652499e-09 8.71720314e-01 1.91983854e-04 1.28087804e-01]
 [2.86251312e-09 1.68759798e-11 9.99998212e-01 1.82638689e-06]
 [3.34682511e-07 3.65334846e-11 9.99999285e-01 3.88244757e-07]
 [1.62000613e-09 3.80472071e-10 9.99999285e-01 6.82940424e-07]
 [3.52313040e-11 9.90628274e-11 1.00000000e+00 5.88055968e-08]
 [6.73995493e-03 6.08956150e-04 8.06602418e-01 1.86048657e-01]
 [9.99999881e-01 6.46606182e-08 8.94477159e-10 3.69033959e-09]
 [6.29933226e-13 1.09337332e-15 9.10658094e-12 1.00000000e+00]
 [2.92766154e-01 5.26365414e-02 8.38747621e-03 6.46209896e-01]
 [9.99754965e-01 9.05076888e-07 9.51591210e-05 1.49012616e-04]
 [3.50974224e-05 9.24297214e-01 3.22628439e-05 7.56353363e-02]
 [7.36418440e-14 2.17387705e-11 1.10932715e-12 1.00000000e+00]
 [1.01513182e-15 2.99150882e-18 1.00000000e+00 2.58477376e-12]
 [2.84164980e-06 2.08979454e-05 3.81976319e-03 9.96156514e-01]
 [5.09043439e-08 2.54695209e-10 9.99998331e-01 1.67649853e-06]
 [4.17314868e-06 2.67747641e-01 8.74091565e-05 7.32160807e-01]
 [1.30722308e-10 9.99998331e-01 7.30108942e-12 1.70814837e-06]
 [4.49301904e-16 1.00000000e+00 3.03424996e-19 1.83421681e-10]
 [1.98085454e-05 3.01174873e-06 9.99958158e-01 1.90773990e-05]
 [9.99997854e-01 2.14030388e-06 7.01099109e-11 9.86992266e-10]
 [1.17489490e-11 4.40798266e-12 1.02256603e-09 1.00000000e+00]
 [9.98714328e-01 7.96468055e-04 7.20224378e-08 4.89123166e-04]
 [9.99972105e-01 2.06369168e-06 2.59176286e-05 5.10237097e-09]
 [2.11343309e-03 3.49983526e-03 9.86209929e-01 8.17676261e-03]
 [3.50974224e-05 9.24297214e-01 3.22628439e-05 7.56353363e-02]
 [2.57116227e-07 9.99944568e-01 4.91170171e-09 5.51572302e-05]
 [8.84248493e-07 9.57595468e-01 1.25326973e-04 4.22783270e-02]
 [2.64371238e-06 1.32682199e-11 9.99997258e-01 1.09970991e-07]
 [1.08763443e-08 1.10502180e-11 1.00000000e+00 3.24700835e-08]
 [9.99997854e-01 2.25588059e-09 4.55913112e-14 2.20443985e-06]
 [4.85952228e-07 4.27482799e-10 9.99704063e-01 2.95433740e-04]
 [9.99217033e-01 1.11588553e-04 6.69100496e-04 2.21135883e-06]
 [9.97970879e-01 1.81935437e-03 2.05166129e-04 4.56996440e-06]
 [1.80363875e-14 2.76281649e-15 1.00000000e+00 3.35083017e-10]
 [5.99931518e-04 1.16566923e-02 2.93895416e-02 9.58353817e-01]
 [7.15298057e-01 2.41636390e-05 9.88831278e-04 2.83688962e-01]
 [2.45032861e-04 5.50885568e-04 4.57505696e-02 9.53453541e-01]
 [2.31821780e-08 9.99999642e-01 4.02301481e-07 6.28947427e-09]
 [9.99999762e-01 7.59633537e-11 1.05512314e-07 1.01107396e-07]
 [9.59989615e-03 1.95384999e-07 9.90056038e-01 3.43955209e-04]
 [4.21346180e-10 1.00000000e+00 1.42565860e-14 4.32704752e-08]
 [1.51494337e-08 9.99627829e-01 2.80846475e-08 3.72125418e-04]
 [1.66564703e-03 9.69776332e-01 1.34236354e-03 2.72155497e-02]
 [2.81664141e-15 9.99999881e-01 6.26572836e-14 8.50264001e-08]
 [9.99993205e-01 5.87483626e-08 3.95127095e-08 6.76063155e-06]
 [9.99936581e-01 1.24114067e-05 1.01458625e-06 4.99049565e-05]
 [7.81690329e-02 1.76169619e-01 6.20041101e-06 7.45655179e-01]
 [3.86001648e-06 9.28353131e-07 9.97389257e-01 2.60601705e-03]
 [1.08037993e-01 8.54213297e-01 1.81784664e-04 3.75668779e-02]
 [7.08154053e-04 2.17882786e-02 2.79794727e-02 9.49524164e-01]
 [1.00000000e+00 1.54620136e-10 3.98206034e-12 6.92274363e-12]
 [9.99995828e-01 9.34917335e-12 2.34291281e-10 4.18936406e-06]
 [1.50135168e-10 9.58320129e-07 1.76938997e-07 9.99998808e-01]
 [4.66101690e-16 1.00000000e+00 3.83702865e-18 6.33226804e-09]
 [2.98369468e-10 9.74138200e-01 3.63060182e-09 2.58617532e-02]
 [4.56747636e-02 4.54156939e-03 9.48649108e-01 1.13461842e-03]
 [9.87895608e-01 3.03660263e-03 2.68834177e-03 6.37939759e-03]
 [5.57398074e-04 2.15410400e-05 9.97076035e-01 2.34499178e-03]
 [5.80466694e-05 2.36827342e-04 2.66067043e-04 9.99439061e-01]
 [9.82343554e-01 8.10100682e-05 1.70116331e-02 5.63715235e-04]
 [9.99887228e-01 9.08880756e-05 1.68804345e-05 4.84134625e-06]]
