[247, 220, 182, 74, 117, 136, 377, 224, 138, 35, 125, 269, 22, 291, 393, 78, 292, 23, 254, 308, 303, 98, 162, 133, 260, 99, 298, 3, 114, 309, 304, 239, 300, 332, 111, 94, 232, 67, 344, 217]
[[2 2 1 0 1 1 3 2 1 0 1 2 0 2 3 0 2 0 2 3 3 0 1 1 2 0 2 0 1 3 3 2 2 3 1 0
  2 0 3 2]]
Test loss:1.3581594467163085Test accuracy:0.8
[[2.48696823e-02 1.43008322e-01 8.29699695e-01 2.42234999e-03]
 [8.80459847e-04 9.51306083e-06 9.99110043e-01 1.66934147e-10]
 [6.07880484e-03 3.08033317e-01 6.85887456e-01 3.88042622e-07]
 [9.99421835e-01 5.41526433e-08 5.73939586e-04 4.23334177e-06]
 [1.38450398e-08 9.99996185e-01 3.79586618e-06 5.59927809e-14]
 [5.13749354e-09 9.99999881e-01 1.40249284e-07 4.11227461e-08]
 [3.19791038e-09 2.72646922e-12 5.80859094e-08 9.99999881e-01]
 [2.84932517e-02 3.71321249e-07 9.71505940e-01 4.09774458e-07]
 [1.04760447e-05 9.99869227e-01 1.20226432e-04 7.54708629e-10]
 [8.65047991e-01 1.48171820e-02 1.19474545e-01 6.60333433e-04]
 [3.28834666e-08 9.99999404e-01 5.59075204e-07 4.86312761e-11]
 [3.76647594e-03 2.57488500e-05 9.96207714e-01 2.35136355e-08]
 [9.38352227e-01 4.94724256e-04 6.07755408e-02 3.77535413e-04]
 [9.86505568e-01 4.51509113e-04 1.30415224e-02 1.37781637e-06]
 [1.45179612e-07 2.37001673e-12 2.73356449e-07 9.99999523e-01]
 [8.44054759e-01 2.23866533e-02 1.32661983e-01 8.96574173e-04]
 [5.37977275e-03 2.23064580e-05 9.94447827e-01 1.50059059e-04]
 [1.19884238e-02 1.61580950e-01 8.26430559e-01 1.11774170e-07]
 [9.92506683e-01 1.84803389e-06 2.65086583e-05 7.46490294e-03]
 [2.13588418e-11 5.95401481e-14 2.03388986e-10 1.00000000e+00]
 [8.01927596e-15 2.39614059e-15 4.26083994e-12 1.00000000e+00]
 [9.99994278e-01 3.18699176e-06 2.53745020e-06 5.84472258e-15]
 [4.40704895e-08 9.99936819e-01 6.32085212e-05 6.93940551e-14]
 [7.88733178e-06 9.99817073e-01 1.75135297e-04 2.87306572e-12]
 [8.26140046e-02 2.50049838e-04 9.17128146e-01 7.76498018e-06]
 [9.99990463e-01 6.00000119e-11 8.65272978e-06 8.06805076e-07]
 [1.90263718e-01 8.02385867e-01 7.35033350e-03 3.82293344e-08]
 [9.99900460e-01 2.03860906e-09 6.92869628e-09 9.94788934e-05]
 [4.88152818e-06 9.99695539e-01 2.99583742e-04 1.02417754e-08]
 [2.94569646e-11 1.31781669e-11 8.50342685e-10 1.00000000e+00]
 [1.93157476e-17 4.00582891e-19 6.04528261e-15 1.00000000e+00]
 [1.72769907e-03 7.70087261e-03 9.90193188e-01 3.78147583e-04]
 [3.13255987e-06 2.38844946e-12 1.36195467e-06 9.99995470e-01]
 [7.33950567e-10 4.03963364e-12 2.56085020e-09 1.00000000e+00]
 [1.52320057e-09 1.00000000e+00 4.44876846e-09 1.92727008e-16]
 [4.54023294e-03 9.95459735e-01 1.20843184e-08 1.37953949e-25]
 [1.22745230e-03 4.87092026e-02 9.50063348e-01 4.80547655e-08]
 [9.99350727e-01 1.26198054e-11 6.49015768e-04 1.92030711e-07]
 [3.75030423e-03 2.17930174e-05 3.90508741e-01 6.05719149e-01]
 [5.51282525e-01 1.92745589e-04 1.54081237e-04 4.48370576e-01]]
train size:360 test size:40
test_loss_ave: 1.3581594467163085 test_acc_ave: 0.8
[32, 190, 339, 361, 262, 70, 135, 377, 268, 203, 304, 327, 61, 263, 163, 302, 84, 331, 102, 4, 375, 305, 237, 130, 254, 134, 399, 118, 243, 241, 40, 247, 103, 318, 189, 298, 116, 59, 354, 164]
[[0 1 3 3 2 0 1 3 2 2 3 3 0 2 1 3 0 3 1 0 3 3 2 1 2 1 3 1 2 2 0 2 1 3 1 2
  1 0 3 1]]
Test loss:0.7765249848365784Test accuracy:0.8
[[9.67583477e-01 1.82077894e-10 3.24160159e-02 5.62287880e-07]
 [7.42900355e-08 9.99999881e-01 2.73611600e-09 1.31734348e-12]
 [1.24658636e-05 4.43282351e-02 9.55871656e-05 9.55563724e-01]
 [2.87138789e-07 6.74314271e-10 9.23600146e-06 9.99990463e-01]
 [9.53367274e-10 9.46520152e-14 1.00000000e+00 1.16174475e-12]
 [4.22216654e-02 5.92328683e-02 8.98544252e-01 1.22974052e-06]
 [9.23638344e-01 5.84883131e-02 1.20985939e-03 1.66635290e-02]
 [3.72493605e-06 3.50943302e-10 3.19829314e-06 9.99993086e-01]
 [6.12848205e-04 1.43173573e-04 9.99243975e-01 3.26674833e-11]
 [1.48879479e-07 9.99984980e-01 1.43773123e-05 4.23444817e-07]
 [3.37730697e-16 3.63383752e-18 2.11966670e-15 1.00000000e+00]
 [1.26785471e-10 4.47080264e-19 1.11548404e-09 1.00000000e+00]
 [9.99991298e-01 3.99741907e-07 6.81520260e-06 1.57363456e-06]
 [6.90528905e-05 3.22258893e-06 9.99922872e-01 4.85424243e-06]
 [2.57040793e-03 9.97409046e-01 1.63979566e-05 4.15559725e-06]
 [2.49760502e-16 3.88729724e-18 1.44053835e-15 1.00000000e+00]
 [9.99907851e-01 4.09309875e-09 5.72597528e-05 3.49431539e-05]
 [4.18936543e-06 2.63880851e-09 5.37313724e-07 9.99995232e-01]
 [2.32536531e-05 9.99305010e-01 6.71812624e-04 1.41586254e-08]
 [9.99905229e-01 3.42034445e-14 7.29652935e-11 9.47274530e-05]
 [3.22559544e-08 1.04527308e-13 7.89761923e-10 1.00000000e+00]
 [1.32309697e-09 4.91040986e-09 2.13575309e-08 1.00000000e+00]
 [4.85595636e-04 3.64476279e-03 9.95823383e-01 4.62788230e-05]
 [2.57040793e-03 9.97409046e-01 1.63979566e-05 4.15559725e-06]
 [9.94091451e-01 3.84636041e-05 5.77260973e-03 9.74501309e-05]
 [2.81958382e-05 9.99935508e-01 3.62316714e-05 1.48158188e-08]
 [2.98992854e-05 1.23909577e-10 7.14826584e-01 2.85143524e-01]
 [1.58859470e-09 1.00000000e+00 1.41274215e-09 4.58102688e-11]
 [1.00985933e-04 1.12402318e-02 9.88658607e-01 2.15514191e-07]
 [5.34151435e-01 3.83110166e-01 8.02913606e-02 2.44705379e-03]
 [9.97630596e-01 4.14219539e-04 1.94352164e-04 1.76081166e-03]
 [2.55500764e-01 4.05256659e-01 3.24739277e-01 1.45032788e-02]
 [7.25623977e-05 9.99820173e-01 1.07325504e-04 1.55459450e-08]
 [1.26810966e-03 2.84479512e-07 3.96504256e-05 9.98691976e-01]
 [1.84729927e-07 9.99999762e-01 1.13140288e-08 1.09901162e-12]
 [5.60279727e-01 4.15526450e-01 2.36165747e-02 5.77250612e-04]
 [2.44653802e-06 9.99972224e-01 2.53150283e-05 9.06521791e-09]
 [9.99997616e-01 6.88933310e-09 2.41822340e-06 1.95068128e-10]
 [1.14883332e-10 1.13234822e-09 1.82962215e-10 1.00000000e+00]
 [2.02083484e-05 9.99526262e-01 4.53447050e-04 2.49695442e-09]]
train size:360 test size:40
test_loss_ave: 0.7765249848365784 test_acc_ave: 0.8
[327, 19, 134, 240, 297, 258, 364, 148, 79, 242, 375, 285, 274, 49, 397, 13, 356, 289, 323, 99, 86, 307, 36, 256, 293, 53, 83, 317, 55, 272, 247, 130, 100, 214, 85, 167, 166, 128, 195, 143]
[[3 0 1 2 2 2 3 1 0 2 3 2 2 0 3 0 3 2 3 0 0 3 0 2 2 0 0 3 0 2 2 1 0 2 0 1
  1 1 1 1]]
Test loss:1.9842877864837647Test accuracy:0.75
[[1.75590292e-10 2.35604878e-17 1.15860042e-08 1.00000000e+00]
 [9.96897697e-01 1.32070607e-04 2.92851822e-03 4.17348856e-05]
 [3.60099599e-03 9.89133418e-01 1.14533701e-03 6.12035906e-03]
 [6.31166452e-10 8.36724894e-07 9.99999166e-01 9.39145029e-13]
 [1.10736968e-04 1.70319453e-02 9.82857347e-01 4.28484418e-12]
 [3.19454186e-02 2.78123276e-04 2.95366908e-06 9.67773438e-01]
 [4.05307654e-09 3.92814706e-15 2.18956853e-08 1.00000000e+00]
 [3.86138282e-07 9.92286563e-01 7.71311717e-03 5.26808330e-09]
 [9.99960780e-01 4.47573312e-10 5.38922814e-06 3.38395075e-05]
 [5.08305669e-01 4.83729690e-01 7.96263479e-03 2.02921638e-06]
 [4.05213882e-07 4.64617320e-12 3.06932748e-07 9.99999285e-01]
 [1.36475887e-06 2.41691464e-06 9.99996185e-01 8.69885552e-10]
 [2.56753010e-05 9.99973774e-01 2.75935321e-07 3.15313514e-07]
 [9.99909520e-01 8.49415301e-05 5.48421349e-06 7.08465564e-10]
 [1.17960006e-07 8.35493938e-06 3.92252076e-07 9.99991179e-01]
 [9.98706460e-01 1.13851854e-06 1.25085993e-03 4.14230053e-05]
 [2.68333912e-13 8.00761918e-04 3.52207576e-06 9.99195755e-01]
 [1.53021306e-01 2.08873764e-01 6.38104916e-01 6.87183851e-11]
 [5.59372063e-11 1.56140918e-14 2.69414591e-06 9.99997258e-01]
 [9.99981642e-01 1.86211793e-11 1.75753376e-05 8.81502274e-07]
 [9.36987065e-03 9.83845711e-01 6.77371211e-03 1.07064288e-05]
 [7.12469550e-09 3.64068931e-12 5.13317708e-08 1.00000000e+00]
 [5.05633503e-02 2.36794576e-02 5.97413024e-03 9.19783056e-01]
 [1.26927055e-03 7.09052710e-03 9.91639972e-01 2.27899065e-07]
 [2.89457083e-01 3.59887630e-01 1.68709055e-01 1.81946263e-01]
 [3.58819753e-01 1.79119880e-07 2.25114264e-02 6.18668675e-01]
 [9.99530077e-01 2.68171862e-04 1.88841965e-04 1.28453548e-05]
 [2.48551002e-09 3.51957199e-14 2.54591326e-09 1.00000000e+00]
 [1.00000000e+00 1.00488217e-17 3.73390961e-14 8.72215914e-15]
 [9.61451530e-01 6.92450732e-04 3.77535895e-02 1.02303318e-04]
 [3.98649096e-01 1.39330849e-01 4.25768375e-01 3.62516046e-02]
 [3.49162117e-04 9.99624372e-01 2.51723704e-05 1.25814802e-06]
 [9.99925733e-01 7.41728581e-05 1.61048931e-07 1.48465550e-13]
 [1.90749527e-09 7.82571284e-15 1.88058380e-07 9.99999762e-01]
 [9.99630809e-01 7.61747287e-06 3.04338697e-04 5.71930905e-05]
 [3.43748288e-05 7.39066621e-08 6.26965985e-03 9.93695915e-01]
 [3.39104100e-09 9.99999762e-01 1.92166610e-07 3.17362719e-10]
 [2.48378401e-05 9.99252141e-01 7.22785539e-04 1.14037917e-07]
 [1.26541254e-05 9.92899060e-01 7.08805630e-03 2.57620513e-07]
 [5.11597027e-05 9.99632478e-01 3.16246966e-04 9.48001500e-08]]
[238, 173, 35, 312, 328, 293, 332, 22, 76, 351, 216, 20, 149, 299, 23, 99, 132, 191, 276, 184, 208, 331, 51, 272, 125, 142, 227, 62, 150, 385, 46, 364, 383, 13, 156, 338, 178, 44, 221, 248]
[[2 1 0 3 3 2 3 0 0 3 2 0 1 2 0 0 1 1 2 1 2 3 0 2 1 1 2 0 1 3 0 3 3 0 1 3
  1 0 2 2]]
Test loss:0.7663008213043213Test accuracy:0.85
[[1.82978853e-04 1.63023426e-08 9.99817073e-01 5.13168508e-10]
 [1.42895927e-12 9.99999881e-01 8.61827161e-08 2.14041758e-16]
 [9.94234979e-01 4.49290877e-04 5.28661488e-03 2.91391589e-05]
 [1.62498293e-06 6.65617950e-10 1.21702453e-06 9.99997139e-01]
 [6.71814410e-11 9.60522289e-21 6.08748191e-11 1.00000000e+00]
 [1.29574209e-01 3.60712856e-01 5.03790259e-01 5.92265837e-03]
 [2.07979814e-12 2.63236876e-15 6.69544758e-12 1.00000000e+00]
 [9.59979296e-01 9.72901689e-05 3.98607925e-02 6.27487389e-05]
 [9.99487758e-01 9.12577569e-10 1.52982489e-06 5.10626647e-04]
 [5.78933054e-07 1.74807553e-07 3.39962571e-04 9.99659300e-01]
 [9.99995112e-01 4.80408335e-06 7.75903004e-08 1.15894425e-15]
 [9.98520672e-01 5.14062881e-09 1.15046080e-03 3.28911672e-04]
 [1.19224851e-14 9.95833635e-01 4.16635117e-03 1.20355021e-27]
 [8.50914836e-01 7.03817699e-03 1.41681656e-01 3.65283486e-04]
 [7.04455981e-03 7.84532547e-01 2.08422154e-01 7.13852955e-07]
 [9.99999642e-01 2.15985337e-11 2.26231364e-07 1.20178655e-07]
 [9.11790085e-06 9.99793470e-01 1.97371133e-04 9.78452208e-10]
 [3.58947538e-10 9.58802164e-01 2.28762124e-02 1.83216203e-02]
 [6.60153310e-05 4.82745454e-05 9.99885678e-01 6.15875262e-09]
 [7.89587284e-06 9.84165013e-01 1.58271398e-02 3.36904171e-09]
 [2.89349109e-01 1.82895947e-05 7.10628390e-01 4.13388443e-06]
 [1.62498293e-06 6.65617950e-10 1.21702453e-06 9.99997139e-01]
 [1.91882215e-02 8.22804941e-05 9.80714262e-01 1.52020539e-05]
 [2.56882198e-02 7.82505740e-05 9.74215806e-01 1.78048394e-05]
 [3.32478898e-08 1.00000000e+00 1.86550011e-08 1.39965350e-09]
 [7.30448688e-12 1.00000000e+00 2.31625519e-09 1.61502756e-13]
 [5.59736545e-05 2.90519353e-07 9.99943733e-01 5.69375547e-10]
 [2.68075883e-01 5.17936386e-02 6.80129766e-01 7.24598635e-07]
 [2.76544287e-10 9.99147415e-01 8.52533267e-04 4.94070800e-12]
 [1.12535834e-18 3.42638970e-21 1.12757636e-13 1.00000000e+00]
 [9.49084342e-01 1.11840542e-04 5.07356524e-02 6.80654193e-05]
 [3.58989504e-13 1.33707292e-20 1.92662067e-11 1.00000000e+00]
 [5.48869353e-11 9.81353399e-14 1.08278209e-09 1.00000000e+00]
 [9.97454941e-01 1.35337883e-08 2.53379554e-03 1.13398655e-05]
 [1.42896198e-12 9.99999881e-01 8.61828795e-08 2.14041758e-16]
 [2.19017711e-08 1.32942367e-02 1.25468755e-02 9.74158883e-01]
 [1.97852700e-07 9.95752096e-01 1.87841442e-03 2.36919988e-03]
 [9.99916315e-01 1.88585759e-07 1.66364472e-07 8.33662489e-05]
 [6.63853049e-01 1.00637024e-07 3.31846744e-01 4.30010818e-03]
 [4.90843144e-10 5.34763012e-10 1.00000000e+00 2.92726921e-15]]
[303, 292, 365, 231, 223, 98, 283, 350, 92, 167, 204, 14, 183, 158, 254, 279, 181, 270, 351, 360, 159, 366, 392, 20, 347, 331, 275, 94, 209, 364, 388, 290, 71, 70, 345, 320, 73, 163, 105, 63]
[[3 2 3 2 2 0 2 3 0 1 2 0 1 1 2 2 1 2 3 3 1 3 3 0 3 3 2 0 2 3 3 2 0 0 3 3
  0 1 1 0]]
Test loss:2.796147918701172Test accuracy:0.75
[[1.45133762e-16 3.84089671e-17 2.58830110e-12 1.00000000e+00]
 [5.25437295e-04 9.43317957e-08 9.97450650e-01 2.02382798e-03]
 [1.13802776e-02 2.41325548e-14 3.91799732e-10 9.88619685e-01]
 [1.59377611e-04 5.01678432e-09 9.99840617e-01 4.41479351e-08]
 [5.26271469e-05 5.30395255e-06 9.99942064e-01 7.81697551e-09]
 [9.99870658e-01 1.28853018e-04 4.84015573e-07 1.87446447e-11]
 [6.57425902e-04 2.30827398e-04 9.99111593e-01 8.09617902e-08]
 [2.51874422e-13 4.14963093e-15 1.11410447e-12 1.00000000e+00]
 [9.99931216e-01 4.33242313e-08 1.08833947e-05 5.79837179e-05]
 [7.42356060e-04 1.62670268e-08 9.80099380e-01 1.91581715e-02]
 [2.42186907e-05 1.38614435e-08 8.09077144e-01 1.90898687e-01]
 [4.51516025e-05 9.66593981e-01 1.45464344e-03 3.19062732e-02]
 [1.82985095e-03 9.64921057e-01 3.32211107e-02 2.79232681e-05]
 [7.82932741e-09 9.95779276e-01 4.22069523e-03 3.26158389e-09]
 [9.97547090e-01 1.30804774e-05 2.43573938e-03 4.02794694e-06]
 [1.41181439e-01 2.31636073e-02 8.35444093e-01 2.10838160e-04]
 [6.88410410e-06 9.99960661e-01 3.23660024e-05 9.11588138e-09]
 [1.18509799e-01 5.27185611e-02 1.42718390e-01 6.86053216e-01]
 [9.79970791e-05 4.63256072e-07 2.95463658e-04 9.99606073e-01]
 [9.02519837e-10 4.69800861e-14 3.85868439e-08 1.00000000e+00]
 [3.55467290e-01 5.11946738e-01 1.32142544e-01 4.43347730e-04]
 [2.67919479e-03 2.41578091e-05 8.70603071e-06 9.97287989e-01]
 [3.47103797e-22 3.44510199e-23 3.43704918e-19 1.00000000e+00]
 [9.97128904e-01 1.17797594e-09 8.31132871e-04 2.03998131e-03]
 [8.93417150e-02 1.51932884e-08 8.71094700e-04 9.09787178e-01]
 [2.13869589e-05 2.60665645e-09 1.27584790e-05 9.99965906e-01]
 [1.11497629e-05 1.42607108e-01 8.57381701e-01 8.17061796e-09]
 [1.57637331e-13 1.00000000e+00 3.77121565e-13 2.36731246e-30]
 [4.79482025e-01 4.86006866e-05 5.20457923e-01 1.14175791e-05]
 [8.51965720e-11 1.36583062e-17 3.83799978e-08 1.00000000e+00]
 [2.63031870e-02 8.69327426e-01 1.04351230e-01 1.81003670e-05]
 [1.49665491e-15 1.00000000e+00 1.01551105e-08 2.32606730e-19]
 [9.95251417e-01 4.77547474e-06 4.66594845e-03 7.77731038e-05]
 [9.47622029e-05 9.99302387e-01 6.02764194e-04 1.35797748e-07]
 [3.83215302e-05 3.47928371e-14 8.91825493e-08 9.99961615e-01]
 [7.11506245e-12 2.27028304e-05 3.16551223e-06 9.99974132e-01]
 [3.79152132e-09 1.03582378e-15 9.95044351e-01 4.95561445e-03]
 [2.02453171e-04 9.99789298e-01 6.60867181e-06 1.65051756e-06]
 [6.87619686e-01 7.62738695e-04 3.10680747e-01 9.36805445e-04]
 [9.87710238e-01 1.03383161e-06 4.86648781e-03 7.42221344e-03]]
[199, 185, 26, 87, 351, 280, 189, 150, 60, 146, 363, 16, 22, 213, 4, 289, 105, 354, 6, 187, 364, 92, 152, 205, 356, 196, 70, 153, 2, 358, 286, 40, 61, 43, 133, 348, 23, 268, 357, 340]
[[1 1 0 0 3 2 1 1 0 1 3 0 0 2 0 2 1 3 0 1 3 0 1 2 3 1 0 1 0 3 2 0 0 0 1 3
  0 2 3 3]]
Test loss:0.7960574775934219Test accuracy:0.825
[[9.17501003e-03 4.43046212e-01 5.47136784e-01 6.41968276e-04]
 [3.93144001e-06 9.99671817e-01 3.24306253e-04 2.63895172e-09]
 [9.99852896e-01 1.98338845e-11 1.45058075e-04 2.03905188e-06]
 [9.98956800e-01 1.69855821e-06 1.01124984e-03 3.02473018e-05]
 [8.29197415e-06 5.37109031e-07 1.59408417e-04 9.99831676e-01]
 [4.13578306e-07 8.58300882e-06 9.99991059e-01 2.26923138e-08]
 [3.40869624e-11 1.00000000e+00 2.55516608e-09 1.06641289e-15]
 [1.07408948e-06 9.97377396e-01 2.62139039e-03 6.18296809e-08]
 [9.95796204e-01 2.63966394e-05 3.88878281e-03 2.88686948e-04]
 [1.11550454e-03 7.74821788e-02 9.21399593e-01 2.78407879e-06]
 [8.26307533e-16 5.71346884e-19 5.97594186e-13 1.00000000e+00]
 [9.99993443e-01 6.38747777e-10 3.85809244e-06 2.71170757e-06]
 [9.96144891e-01 1.13784617e-05 3.56760877e-03 2.76135077e-04]
 [8.00561884e-06 5.65394487e-07 9.99991417e-01 1.93325400e-09]
 [9.99988198e-01 1.04898356e-13 7.14138249e-10 1.18404623e-05]
 [1.07738393e-04 9.51304197e-01 4.85880710e-02 2.04166545e-11]
 [5.82790732e-01 1.07073458e-02 4.06492651e-01 9.30417536e-06]
 [8.31110354e-14 7.92215008e-14 4.76162892e-13 1.00000000e+00]
 [1.00000000e+00 4.50223660e-14 2.07722439e-09 2.55012189e-09]
 [2.30289064e-03 9.69211161e-01 2.84837503e-02 2.18536115e-06]
 [2.01371322e-10 5.28336259e-14 1.57323541e-08 1.00000000e+00]
 [9.99685168e-01 7.99011502e-07 8.04585870e-05 2.33621788e-04]
 [7.78425203e-07 9.99860168e-01 1.38181756e-04 8.86081182e-07]
 [1.03114274e-07 9.99938130e-01 6.17348996e-05 5.69820753e-11]
 [3.76873798e-13 1.10892848e-04 8.44737315e-06 9.99880672e-01]
 [1.25418740e-06 9.99137223e-01 8.60634667e-04 8.86929570e-07]
 [1.58270493e-01 1.34903193e-01 7.06819296e-01 7.03209662e-06]
 [1.89258400e-02 5.98321140e-01 3.19609106e-01 6.31439909e-02]
 [9.99584973e-01 1.63403213e-09 1.73806438e-06 4.13221191e-04]
 [3.36748712e-06 9.99253929e-01 3.39831342e-04 4.02899634e-04]
 [9.31687746e-03 2.32464110e-08 9.90088284e-01 5.94825018e-04]
 [9.98574018e-01 1.09991618e-03 3.05175374e-04 2.07864286e-05]
 [9.99856949e-01 5.92409663e-07 1.34476431e-04 7.99143163e-06]
 [3.81510437e-01 2.74092436e-01 1.86475709e-01 1.57921374e-01]
 [1.54853774e-06 9.99977231e-01 2.12188625e-05 5.45068046e-10]
 [1.00363273e-10 3.17889345e-07 3.93616233e-08 9.99999642e-01]
 [9.78275180e-01 2.04078555e-02 1.31238229e-03 4.57933857e-06]
 [1.00858961e-05 4.80217241e-05 9.99941945e-01 4.41412922e-12]
 [4.46871962e-09 4.12883838e-10 7.96839039e-09 1.00000000e+00]
 [8.50966615e-07 4.99022823e-09 1.50443009e-06 9.99997616e-01]]
[124, 94, 119, 95, 13, 74, 24, 121, 226, 325, 375, 298, 263, 235, 101, 135, 26, 118, 255, 179, 336, 385, 175, 314, 12, 54, 389, 334, 220, 184, 327, 307, 371, 251, 11, 365, 329, 232, 332, 136]
[[1 0 1 0 0 0 0 1 2 3 3 2 2 2 1 1 0 1 2 1 3 3 1 3 0 0 3 3 2 1 3 3 3 2 0 3
  3 2 3 1]]
Test loss:1.6378407046198844Test accuracy:0.825
[[4.86808449e-06 9.94655609e-01 5.33943437e-03 1.62730984e-07]
 [5.82552282e-08 1.00000000e+00 5.58627533e-10 1.46765615e-23]
 [1.16938850e-06 9.99783933e-01 2.14864733e-04 3.35209881e-11]
 [2.22741633e-07 3.60408844e-03 9.96395648e-01 1.07133878e-10]
 [9.94727433e-01 4.35044740e-07 5.25530940e-03 1.68407969e-05]
 [9.97602403e-01 1.23049810e-08 1.78203196e-03 6.15567318e-04]
 [9.92580771e-01 3.53489810e-07 7.38170138e-03 3.72001305e-05]
 [1.23578078e-10 1.00000000e+00 1.92541876e-08 4.20930609e-15]
 [3.34083580e-07 4.96483551e-07 9.99999166e-01 4.36070867e-11]
 [1.61164180e-14 6.51778512e-15 6.89943098e-14 1.00000000e+00]
 [1.39759218e-08 2.00035496e-12 2.58276831e-08 1.00000000e+00]
 [9.87924039e-01 3.45563330e-03 8.58263858e-03 3.77836732e-05]
 [2.51150923e-05 2.66249572e-07 9.99973655e-01 9.22937886e-07]
 [6.64113955e-08 3.80761321e-06 9.99996185e-01 7.31828598e-10]
 [4.08220956e-13 8.13900784e-04 9.99186099e-01 6.89603874e-10]
 [9.22006726e-01 1.52298780e-02 9.71956644e-03 5.30437417e-02]
 [9.92454350e-01 3.80344801e-07 7.50857545e-03 3.68209257e-05]
 [9.38299351e-12 1.00000000e+00 1.53860913e-09 2.04488221e-14]
 [1.23502346e-11 4.32702346e-11 9.99999762e-01 2.34150050e-07]
 [7.76140860e-06 9.95188117e-01 4.80413577e-03 5.12469640e-08]
 [1.19831835e-12 9.99952197e-01 4.77795074e-05 1.81980120e-09]
 [2.76764657e-12 2.41717097e-17 3.15922555e-09 1.00000000e+00]
 [7.23811455e-09 9.99236345e-01 7.63705291e-04 5.86218990e-11]
 [3.28008828e-05 3.87927823e-09 1.63779958e-04 9.99803483e-01]
 [1.67684495e-01 2.02364288e-02 9.36366559e-05 8.11985433e-01]
 [9.99999046e-01 6.27139937e-11 9.32948922e-07 1.13391243e-08]
 [6.64260476e-13 9.81098536e-11 1.14479382e-09 1.00000000e+00]
 [2.72428263e-02 4.47567530e-08 8.47359115e-06 9.72748637e-01]
 [3.54036543e-04 1.63309625e-04 9.99482632e-01 1.07745040e-08]
 [7.53371160e-06 9.86047626e-01 1.39448149e-02 2.81128170e-08]
 [2.46256655e-13 4.05999632e-19 1.87966442e-09 1.00000000e+00]
 [1.02243347e-09 4.29713177e-13 1.62333631e-08 1.00000000e+00]
 [4.40614735e-04 2.09268203e-09 4.93496424e-03 9.94624436e-01]
 [1.87860266e-03 2.52846417e-06 9.98113394e-01 5.41484815e-06]
 [9.98961210e-01 2.13468132e-09 5.43184478e-06 1.03333627e-03]
 [8.70623277e-04 4.09338366e-17 4.20519244e-11 9.99129355e-01]
 [1.48444290e-09 1.60786204e-10 2.32662899e-07 9.99999762e-01]
 [5.16901549e-04 3.17982920e-02 9.67682779e-01 1.90629714e-06]
 [1.46439227e-09 1.43262735e-12 5.58390223e-09 1.00000000e+00]
 [3.36033285e-11 1.00000000e+00 1.50495882e-08 4.84092211e-10]]
[322, 157, 355, 399, 351, 278, 230, 240, 303, 224, 287, 294, 182, 101, 169, 109, 308, 252, 131, 253, 128, 127, 151, 191, 1, 297, 241, 256, 393, 121, 12, 295, 129, 255, 370, 391, 344, 180, 298, 264]
[[3 1 3 3 3 2 2 2 3 2 2 2 1 1 1 1 3 2 1 2 1 1 1 1 0 2 2 2 3 1 0 2 1 2 3 3
  3 1 2 2]]
Test loss:2.15559903383255Test accuracy:0.7
[[3.31541961e-10 2.37939585e-14 5.75275678e-12 1.00000000e+00]
 [1.90022947e-05 1.82594056e-04 9.99797642e-01 7.97052508e-07]
 [3.62350107e-16 1.41852806e-17 1.45301201e-14 1.00000000e+00]
 [3.89626706e-07 7.80938481e-10 9.42565620e-01 5.74339852e-02]
 [8.52757967e-06 8.64238416e-07 4.58801878e-05 9.99944687e-01]
 [3.00375186e-03 9.94478822e-01 2.51737866e-03 1.70773511e-08]
 [3.03517008e-04 1.16200494e-02 9.88076329e-01 1.65459852e-07]
 [9.47097121e-08 1.22736232e-09 9.99999881e-01 3.36497802e-10]
 [3.34720790e-14 1.22310152e-14 1.16799235e-12 1.00000000e+00]
 [1.52010079e-02 7.69397204e-08 9.84796643e-01 2.25484064e-06]
 [3.36258439e-03 1.25538954e-05 9.96622086e-01 2.68229360e-06]
 [2.25981814e-03 6.19278126e-06 9.97384846e-01 3.49129376e-04]
 [1.64894183e-04 1.01724669e-04 9.99733388e-01 1.73579267e-08]
 [4.77395865e-08 5.29059151e-04 9.99470770e-01 6.00517893e-08]
 [1.58160617e-06 9.80083585e-01 1.99142303e-02 5.31762055e-07]
 [4.50962543e-04 1.89855156e-04 9.99354661e-01 4.54629526e-06]
 [1.13436170e-11 4.24507651e-13 3.64853946e-11 1.00000000e+00]
 [3.08397284e-05 1.76536397e-03 9.94411409e-01 3.79237672e-03]
 [1.05469189e-06 9.99929905e-01 6.90230881e-05 1.70072831e-10]
 [4.05273246e-11 1.24772111e-12 1.04185960e-09 1.00000000e+00]
 [1.58160617e-06 9.80083585e-01 1.99142303e-02 5.31762055e-07]
 [6.69995061e-05 9.99358594e-01 5.74458798e-04 1.55480695e-09]
 [2.30613872e-02 1.96042620e-02 9.56748724e-01 5.85720292e-04]
 [4.23622387e-10 9.99862194e-01 5.43875649e-06 1.32278801e-04]
 [9.99901533e-01 8.48802717e-09 5.37491469e-05 4.47552193e-05]
 [2.32090442e-05 1.69583838e-02 9.83018398e-01 1.01944245e-10]
 [1.90934388e-03 9.98019099e-01 6.34847311e-05 7.94088646e-06]
 [9.75153089e-05 2.29400443e-03 9.97608304e-01 6.67553763e-08]
 [9.50660342e-06 4.81237805e-09 3.52013149e-06 9.99987006e-01]
 [6.11687312e-10 1.00000000e+00 2.65677631e-08 1.03916042e-13]
 [5.24200768e-05 2.82298356e-01 2.74049944e-05 7.17621803e-01]
 [7.09003210e-03 9.36547178e-04 9.91869569e-01 1.03842489e-04]
 [1.13163845e-09 9.98574853e-01 1.42517651e-03 7.66379148e-12]
 [4.43403370e-10 4.39630415e-11 9.99992132e-01 7.83580708e-06]
 [2.64033790e-08 1.68415781e-10 3.84044961e-06 9.99996185e-01]
 [2.36906862e-06 6.88398529e-08 4.43903537e-06 9.99993086e-01]
 [2.85453780e-07 1.58641415e-05 4.97761974e-03 9.95006204e-01]
 [8.03140458e-03 9.80538309e-01 1.12333903e-02 1.96791167e-04]
 [6.36128247e-01 2.79064983e-01 8.21423233e-02 2.66447337e-03]
 [1.24355651e-01 5.92624605e-01 2.82845229e-01 1.74533547e-04]]
[340, 273, 112, 257, 251, 289, 54, 45, 204, 349, 344, 398, 265, 37, 22, 120, 80, 73, 397, 106, 156, 216, 375, 28, 110, 393, 322, 147, 137, 59, 312, 339, 305, 194, 179, 105, 366, 130, 269, 274]
[[3 2 1 2 2 2 0 0 2 3 3 3 2 0 0 1 0 0 3 1 1 2 3 0 1 3 3 1 1 0 3 3 3 1 1 1
  3 1 2 2]]
Test loss:1.2617360830307007Test accuracy:0.85
[[4.26010729e-07 6.84323425e-08 2.52470672e-05 9.99974251e-01]
 [7.31875363e-04 7.43628159e-10 9.99261916e-01 6.23991491e-06]
 [5.26926442e-07 5.70087492e-01 4.29911971e-01 1.15504637e-08]
 [3.22132111e-02 2.27776854e-06 9.67665970e-01 1.18547563e-04]
 [1.50538068e-02 3.79956282e-06 9.84934688e-01 7.69240160e-06]
 [5.84653435e-06 5.59628904e-02 9.44031239e-01 3.28038402e-10]
 [9.99995828e-01 9.91699257e-12 4.18179206e-06 9.58687296e-11]
 [9.98831928e-01 2.36926863e-12 5.48859243e-05 1.11319625e-03]
 [5.26640740e-08 4.80457800e-07 9.99897361e-01 1.02096608e-04]
 [1.80265687e-12 1.14047403e-13 1.86637461e-09 1.00000000e+00]
 [1.05140350e-06 4.46475411e-07 1.15659526e-02 9.88432586e-01]
 [3.29314527e-11 2.53540668e-17 3.07559117e-11 1.00000000e+00]
 [1.15286426e-11 1.07968145e-03 9.98920321e-01 4.38836700e-08]
 [4.49207391e-06 2.30259611e-05 9.99972463e-01 9.82244064e-10]
 [9.76848900e-01 3.81961327e-05 2.28883997e-02 2.24499046e-04]
 [1.39545708e-10 9.99997973e-01 1.99671854e-06 7.96710094e-12]
 [9.99526262e-01 1.63148304e-08 3.87723441e-04 8.60866712e-05]
 [1.91239406e-14 3.30870575e-09 9.99933124e-01 6.68839930e-05]
 [1.18785067e-06 1.49999090e-04 9.59721365e-05 9.99752820e-01]
 [7.98590481e-02 7.09102809e-01 2.03828320e-01 7.20988354e-03]
 [1.10212759e-11 1.00000000e+00 1.46439305e-08 1.14255438e-15]
 [9.99990463e-01 4.10834764e-06 5.43831266e-06 2.53830539e-13]
 [1.36473830e-07 3.89284507e-11 8.78523352e-08 9.99999762e-01]
 [7.43688464e-01 3.68126962e-06 4.18105982e-02 2.14497209e-01]
 [7.42485240e-12 1.00000000e+00 1.01135527e-08 6.58309983e-16]
 [2.23400657e-05 5.90146692e-14 5.01582882e-08 9.99977589e-01]
 [6.42397746e-10 2.40072566e-14 6.74778633e-14 1.00000000e+00]
 [1.31145972e-09 9.99994874e-01 5.07598088e-06 2.68832699e-11]
 [5.64063178e-08 9.99998689e-01 1.32444552e-06 1.31607473e-14]
 [9.99997735e-01 5.32488578e-08 2.22646372e-06 9.03397426e-11]
 [4.35627080e-05 5.99385487e-07 2.33469200e-05 9.99932528e-01]
 [7.13963431e-08 2.34460342e-04 1.41309050e-04 9.99624133e-01]
 [1.66943889e-11 6.79410478e-12 2.01958406e-09 1.00000000e+00]
 [1.44876156e-03 9.72270072e-01 2.62808930e-02 1.85927817e-07]
 [7.56697846e-05 4.16923940e-01 5.83000243e-01 1.28272632e-07]
 [3.87768745e-02 4.87687951e-03 9.56135154e-01 2.11060760e-04]
 [1.18633594e-04 3.22940855e-06 8.73513811e-04 9.99004662e-01]
 [6.73753384e-05 9.99799550e-01 1.30096465e-04 2.92218328e-06]
 [4.53570262e-02 5.68045361e-05 9.54584181e-01 1.98157090e-06]
 [2.87579849e-09 8.99270773e-01 1.00727811e-01 1.38636506e-06]]
[117, 272, 360, 319, 369, 124, 95, 359, 364, 191, 340, 344, 216, 98, 354, 210, 181, 246, 328, 361, 341, 231, 325, 260, 32, 396, 394, 362, 57, 4, 8, 334, 68, 158, 371, 391, 97, 17, 56, 84]
[[1 2 3 3 3 1 0 3 3 1 3 3 2 0 3 2 1 2 3 3 3 2 3 2 0 3 3 3 0 0 0 3 0 1 3 3
  0 0 0 0]]
Test loss:1.1328933650627733Test accuracy:0.825
[[1.42332830e-08 9.99986172e-01 1.37792449e-05 4.66977394e-11]
 [8.38162720e-01 4.84803459e-04 1.60701200e-01 6.51384646e-04]
 [1.89819360e-09 2.67781890e-11 8.00119526e-09 1.00000000e+00]
 [9.94474471e-01 3.64613606e-09 5.52188419e-03 3.66574318e-06]
 [3.34718725e-10 1.73736101e-08 5.80775463e-07 9.99999404e-01]
 [6.94464034e-05 9.88911271e-01 1.10189579e-02 3.25178149e-07]
 [7.30601780e-04 1.02866767e-02 9.88979042e-01 3.62190463e-06]
 [5.56222379e-01 1.60470836e-06 3.13222170e-01 1.30553946e-01]
 [5.91957802e-11 8.51108897e-13 9.88949012e-09 1.00000000e+00]
 [2.46334309e-09 9.98346210e-01 1.56187860e-03 9.18251462e-05]
 [1.01257535e-06 4.21181490e-08 1.50112974e-05 9.99983907e-01]
 [6.26192661e-03 1.01645113e-04 6.22993708e-01 3.70642722e-01]
 [9.99961495e-01 4.06013760e-06 3.44168075e-05 9.02947050e-09]
 [9.99982476e-01 1.33604253e-05 4.12434702e-06 3.79627665e-14]
 [2.00024927e-11 7.23011540e-10 5.97945138e-10 1.00000000e+00]
 [1.73719809e-03 1.31168872e-01 8.67093623e-01 2.63227463e-07]
 [2.23227076e-10 9.99756038e-01 2.43984017e-04 5.53860716e-14]
 [2.98349746e-02 9.25565200e-06 9.70155776e-01 1.19472592e-08]
 [1.19221539e-08 2.95618456e-13 1.26234283e-07 9.99999881e-01]
 [6.78459102e-08 1.26679015e-05 7.75752263e-03 9.92229760e-01]
 [8.86475376e-04 3.16387229e-11 2.84743255e-05 9.99085069e-01]
 [6.15451063e-05 2.02693062e-09 9.99938488e-01 1.41569041e-08]
 [1.67148988e-12 1.93002281e-11 8.56574360e-13 1.00000000e+00]
 [1.91865191e-02 8.72745120e-04 9.79939878e-01 8.73324552e-07]
 [9.96708393e-01 3.40420296e-11 3.29162297e-03 1.83409075e-08]
 [1.60213724e-01 3.26249562e-03 6.72734380e-02 7.69250333e-01]
 [1.39195827e-05 8.52933835e-11 5.13784641e-07 9.99985576e-01]
 [1.35494454e-04 3.01639793e-05 9.99782622e-01 5.17228582e-05]
 [9.96179700e-01 4.10628864e-08 3.81714827e-03 3.24271173e-06]
 [9.99992847e-01 1.29370635e-12 3.21236718e-11 7.11952725e-06]
 [9.93825436e-01 7.97563985e-07 5.80350356e-03 3.70193186e-04]
 [4.95697022e-05 4.40538184e-09 3.12758033e-07 9.99950051e-01]
 [1.00000000e+00 1.81411418e-13 1.23591104e-09 5.30713806e-10]
 [7.13986026e-09 9.99892712e-01 1.07334214e-04 2.56926258e-10]
 [4.97312285e-05 1.04907812e-07 1.35771241e-02 9.86373067e-01]
 [6.80602056e-07 3.67504413e-07 9.18134407e-04 9.99080777e-01]
 [9.99976873e-01 9.88047839e-16 2.31410213e-05 8.38788132e-13]
 [9.98067319e-01 9.24469873e-07 1.84965774e-03 8.20990826e-05]
 [9.35378075e-01 1.49951922e-03 6.28047213e-02 3.17727594e-04]
 [9.99945283e-01 1.31821343e-09 5.44117720e-05 3.23714289e-07]]
[236, 280, 149, 384, 185, 127, 293, 327, 196, 209, 205, 107, 320, 192, 32, 235, 190, 49, 336, 165, 394, 65, 225, 314, 385, 48, 108, 300, 181, 38, 105, 98, 204, 256, 371, 348, 158, 111, 286, 197]
[[2 2 1 3 1 1 2 3 1 2 2 1 3 1 0 2 1 0 3 1 3 0 2 3 3 0 1 2 1 0 1 0 2 2 3 3
  1 1 2 1]]
Test loss:1.3777911675628274Test accuracy:0.8
[[8.18247063e-05 5.75522241e-10 9.99918222e-01 3.03120764e-08]
 [2.11173813e-07 1.42516717e-06 9.99998331e-01 3.54766522e-10]
 [1.72820109e-11 6.62321877e-03 9.93376791e-01 4.53961425e-19]
 [1.52102331e-07 1.61821930e-07 6.73668694e-07 9.99999046e-01]
 [2.40064635e-10 9.99999166e-01 8.09621497e-07 6.33898403e-12]
 [6.37081212e-06 9.99810874e-01 1.82777148e-04 6.62540411e-10]
 [1.16001323e-01 5.01018437e-03 8.66023302e-01 1.29652368e-02]
 [4.12877274e-15 1.42328170e-17 1.25363001e-12 1.00000000e+00]
 [1.07262065e-06 9.98771966e-01 1.22670922e-03 2.86560066e-07]
 [1.61041424e-01 4.87843005e-04 8.38438749e-01 3.20256986e-05]
 [4.45164900e-08 9.98984039e-01 1.01599330e-03 5.09779849e-12]
 [4.85761884e-05 9.99891043e-01 5.97871222e-05 4.51156552e-07]
 [3.88521298e-11 9.77225718e-04 8.06752723e-07 9.99022007e-01]
 [4.69467305e-02 2.91065663e-01 6.61183536e-01 8.04015086e-04]
 [3.34898114e-01 6.22019519e-11 6.65101528e-01 3.98359077e-07]
 [2.09483190e-07 3.84635723e-06 9.99995947e-01 5.71398373e-10]
 [3.60152164e-12 1.00000000e+00 2.13247624e-08 1.77362368e-15]
 [9.99045670e-01 7.82754447e-04 1.71569700e-04 1.30894175e-08]
 [1.16322250e-10 9.99782503e-01 1.98912021e-04 1.86381531e-05]
 [2.30312912e-06 9.98994768e-01 1.00219366e-03 8.54554628e-07]
 [3.01172445e-03 2.73287361e-12 3.71359965e-05 9.96951103e-01]
 [1.98988300e-02 3.02605031e-06 9.80095983e-01 2.19045751e-06]
 [8.34579114e-04 6.37731282e-04 9.98527169e-01 4.23009027e-07]
 [7.77494513e-09 2.57978318e-13 4.38886403e-08 1.00000000e+00]
 [3.03258971e-15 6.21327185e-21 3.68067190e-14 1.00000000e+00]
 [9.99981165e-01 1.62176683e-09 1.59840329e-05 2.91950482e-06]
 [2.62611002e-01 6.37465179e-01 9.96864885e-02 2.37427768e-04]
 [1.34044139e-05 1.70727543e-10 2.46566424e-06 9.99984145e-01]
 [8.51490540e-08 9.72015202e-01 2.79846936e-02 1.05771045e-10]
 [9.99926567e-01 4.25611872e-11 1.18485432e-05 6.16494071e-05]
 [9.42592025e-01 4.46295326e-06 5.74035347e-02 7.70986741e-09]
 [9.99851465e-01 2.49391496e-06 1.46053993e-04 6.72088296e-09]
 [9.96934978e-05 3.07386949e-10 9.88976002e-01 1.09242676e-02]
 [9.93551148e-05 9.34659876e-03 9.90554035e-01 5.83886113e-08]
 [2.18727905e-06 1.71018354e-12 6.98101701e-07 9.99997139e-01]
 [1.93235410e-11 2.47399953e-07 1.42901655e-08 9.99999762e-01]
 [4.81085782e-10 9.99980450e-01 1.95123503e-05 5.59266661e-11]
 [5.18179661e-07 9.99999404e-01 8.16748980e-08 9.61838248e-13]
 [5.23433788e-03 9.90473659e-09 9.94712889e-01 5.27438715e-05]
 [9.59692201e-08 9.99611437e-01 3.88470653e-04 2.00150101e-08]]
[236, 103, 337, 150, 256, 374, 22, 118, 147, 184, 111, 210, 38, 303, 71, 47, 50, 140, 83, 135, 119, 195, 266, 390, 359, 399, 283, 373, 80, 336, 73, 349, 194, 100, 348, 112, 208, 354, 60, 84]
[[2 1 3 1 2 3 0 1 1 1 1 2 0 3 0 0 0 1 0 1 1 1 2 3 3 3 2 3 0 3 0 3 1 0 3 1
  2 3 0 0]]
Test loss:1.3585384637117386Test accuracy:0.8
[[1.01532860e-04 1.22472155e-09 9.99898314e-01 1.10930600e-07]
 [2.23876341e-05 9.95509624e-01 4.46783798e-03 1.09165335e-07]
 [9.04568076e-01 4.03138995e-03 4.42994423e-02 4.71009947e-02]
 [5.49042052e-05 9.35235620e-01 6.47095665e-02 4.31405267e-09]
 [4.91294450e-05 7.42874981e-04 9.99207795e-01 2.29784860e-07]
 [2.03650226e-04 1.73917858e-08 1.43618762e-01 8.56177568e-01]
 [9.31894004e-01 2.39645233e-04 6.75428510e-02 3.23486369e-04]
 [1.82877868e-09 1.00000000e+00 1.55802677e-08 1.42696033e-12]
 [5.38061506e-09 9.99984145e-01 1.57996383e-05 2.50703836e-13]
 [9.51378752e-06 9.90078330e-01 9.91208199e-03 1.39232199e-08]
 [2.48862364e-07 9.99999762e-01 1.64682525e-08 9.77537062e-13]
 [1.52605906e-01 9.12001729e-02 7.56183505e-01 1.04382016e-05]
 [9.98735726e-01 4.40525338e-10 1.25077378e-03 1.34656211e-05]
 [2.45337655e-14 1.39742193e-15 1.10891313e-11 1.00000000e+00]
 [9.97156262e-01 3.03135994e-06 2.39206827e-03 4.48606472e-04]
 [1.73352793e-01 1.79991988e-09 2.66338931e-03 8.23983848e-01]
 [8.52949202e-01 1.16835609e-01 2.94833276e-02 7.31870241e-04]
 [5.07682271e-05 9.97246742e-01 2.62575038e-03 7.67519596e-05]
 [8.52949202e-01 1.16835609e-01 2.94833276e-02 7.31870241e-04]
 [8.79698992e-01 1.03542767e-03 2.19470076e-03 1.17070831e-01]
 [1.28940474e-06 9.99637604e-01 3.61128652e-04 7.46420217e-11]
 [1.08477388e-05 9.87344384e-01 1.26445042e-02 3.61507858e-07]
 [8.23461115e-02 6.95170999e-01 2.15962470e-01 6.52047014e-03]
 [4.86593912e-08 2.88193812e-13 9.08087543e-08 9.99999881e-01]
 [9.08641494e-04 4.92368785e-11 5.49806058e-01 4.49285239e-01]
 [1.60813851e-08 5.81218927e-11 9.98900890e-01 1.09903817e-03]
 [1.04953273e-04 5.32001890e-02 9.46693897e-01 9.87861881e-07]
 [6.17858598e-10 1.29420704e-19 1.89633091e-08 1.00000000e+00]
 [9.99624372e-01 9.00861608e-07 2.46233627e-04 1.28412081e-04]
 [1.80305753e-11 9.99748766e-01 2.51259160e-04 9.18098171e-13]
 [1.31607336e-09 2.48596473e-11 9.97484446e-01 2.51550763e-03]
 [1.12372316e-08 2.32413615e-17 9.40474187e-09 1.00000000e+00]
 [2.57075224e-02 8.74825060e-01 9.94657725e-02 1.68330155e-06]
 [9.98858333e-01 5.83668298e-04 5.57482417e-04 4.44299076e-07]
 [5.83248561e-10 3.83240248e-08 2.73537722e-07 9.99999642e-01]
 [4.37095196e-06 9.96752024e-01 3.24364239e-03 1.05078912e-09]
 [1.30459011e-01 3.73184739e-04 8.68813336e-01 3.54516524e-04]
 [1.47991550e-11 3.15782134e-09 1.19371435e-07 9.99999881e-01]
 [9.81453776e-01 3.12151737e-04 1.76983252e-02 5.35720843e-04]
 [9.99881387e-01 3.86151555e-09 8.23603841e-05 3.61911698e-05]]
train size:360 test size:40
test_loss_ave: 1.5267192821903157 test_acc_ave: 0.7975
