[3, 98, 92, 58, 104, 17, 32, 62, 140, 108, 8, 149, 10, 12, 114, 75, 1, 158, 42, 60][[0 2 2 1 2 0 0 1 3 2 0 3 0 0 2 1 0 3 1 1]]Test loss:1.0839807987213135Test accuracy:0.800000011920929[[9.9758446e-01 2.7091970e-12 8.9087031e-08 2.4153909e-03]
 [1.8386377e-06 5.9973827e-05 9.9993813e-01 3.2175443e-11]
 [2.9253522e-06 6.1982148e-03 9.9379879e-01 2.3762710e-09]
 [1.9108048e-10 1.0000000e+00 3.4875702e-10 1.9785789e-11]
 [9.9360234e-01 2.7044978e-05 6.3540833e-03 1.6568156e-05]
 [9.9436462e-01 1.1948082e-05 4.5909393e-03 1.0324591e-03]
 [9.9980694e-01 1.5973241e-06 6.4519765e-05 1.2702640e-04]
 [1.0506076e-02 9.3171662e-01 5.7731312e-02 4.5976103e-05]
 [3.3042991e-10 1.4776304e-04 9.9521557e-08 9.9985206e-01]
 [4.7285482e-03 3.7817407e-01 6.1709583e-01 1.6304469e-06]
 [9.9908352e-01 2.4431215e-06 5.3682673e-04 3.7716393e-04]
 [1.9429298e-07 4.1226307e-09 5.9694734e-08 9.9999976e-01]
 [9.9558395e-01 9.7185675e-06 5.8436004e-04 3.8219246e-03]
 [6.1930199e-03 7.6457212e-04 5.6552061e-09 9.9304247e-01]
 [9.9793965e-01 2.8144268e-06 1.1816348e-04 1.9393415e-03]
 [2.7696513e-02 1.4803463e-01 1.2939454e-03 8.2297492e-01]
 [9.9436545e-01 8.2110239e-07 5.4643359e-03 1.6944043e-04]
 [9.3049093e-05 6.0660608e-07 2.0241301e-07 9.9990618e-01]
 [5.1167613e-04 9.9641269e-01 3.0753389e-03 2.3404331e-07]
 [1.1133389e-08 9.9995720e-01 4.2832511e-05 9.4393980e-13]]train size:140 test size:20
test_loss_ave: 1.0839807987213135 test_acc_ave: 0.800000011920929
