[79, 113, 257, 263, 42, 161, 289, 111, 178, 358, 93, 141, 199, 348, 177, 282, 43, 158, 40, 353, 262, 59, 160, 324, 174, 180, 269, 35, 274, 39, 63, 104, 76, 25, 338, 100, 165, 280, 102, 278]
[[0 1 2 2 0 1 2 1 1 3 0 1 1 3 1 2 0 1 0 3 2 0 1 3 1 1 2 0 2 0 0 1 0 0 3 0
  1 2 1 2]]
Test loss:1.2609674215316773Test accuracy:0.775
[[9.99009371e-01 5.90412057e-08 1.56750248e-04 8.33884347e-04]
 [4.32634522e-04 9.99115050e-01 4.52307897e-04 3.52081519e-09]
 [1.79710262e-03 1.15252612e-03 9.96913791e-01 1.36530682e-04]
 [5.29984478e-04 1.41063247e-05 9.99426842e-01 2.90529006e-05]
 [9.97044265e-01 4.54270012e-05 2.41225678e-03 4.98107693e-04]
 [4.83088840e-08 9.95523334e-01 4.47666040e-03 1.16685663e-11]
 [3.66717018e-02 7.83530235e-01 1.79798141e-01 1.21241683e-08]
 [1.25560218e-05 9.99982476e-01 5.05050457e-06 1.27762086e-13]
 [2.98223365e-02 1.15378805e-01 8.02095711e-01 5.27032129e-02]
 [5.05565822e-06 9.98408616e-01 1.58551882e-03 1.01102739e-06]
 [9.91945207e-01 1.72709976e-03 6.22929633e-03 9.84419094e-05]
 [2.62448162e-01 5.92536181e-02 6.77244425e-01 1.05381198e-03]
 [4.92675230e-03 5.03797643e-03 9.89976704e-01 5.85287853e-05]
 [1.52112705e-07 5.10246791e-05 5.13847699e-05 9.99897480e-01]
 [9.60043743e-02 6.09609365e-01 9.48635414e-02 1.99522808e-01]
 [6.53387315e-06 9.99992609e-01 7.87046019e-07 1.95233857e-18]
 [3.04140598e-01 1.30137622e-01 5.55486083e-01 1.02356607e-02]
 [9.52521084e-09 9.99626637e-01 3.73369665e-04 7.48057116e-10]
 [6.83739722e-01 2.72638589e-01 4.36212644e-02 4.37118246e-07]
 [2.17057986e-14 5.75562615e-14 1.17314672e-10 1.00000000e+00]
 [8.19726722e-07 2.55495590e-11 9.98893201e-01 1.10600179e-03]
 [9.99999642e-01 2.46457745e-07 8.48868638e-08 4.93560574e-11]
 [2.14066342e-04 9.99540329e-01 2.45564064e-04 1.74100581e-10]
 [5.24491099e-08 1.12376429e-14 4.32539338e-07 9.99999523e-01]
 [4.77959821e-03 8.97691369e-01 9.69898030e-02 5.39220986e-04]
 [2.86224842e-01 5.42033732e-01 1.71214476e-01 5.26904711e-04]
 [4.88939928e-03 2.58386135e-04 9.94851530e-01 7.11342864e-07]
 [9.71914768e-01 1.74810062e-03 2.62780339e-02 5.90951058e-05]
 [5.24862153e-05 7.44862080e-01 2.54972696e-01 1.12682734e-04]
 [1.00000000e+00 2.88853025e-10 1.68525212e-08 6.08265044e-12]
 [9.85949576e-01 6.65711059e-06 3.74350417e-03 1.03002442e-02]
 [2.26568704e-06 9.89137471e-01 1.08602969e-02 2.92274510e-10]
 [9.97551978e-01 3.38088967e-07 2.13107051e-05 2.42636399e-03]
 [9.18369353e-01 1.57075119e-04 8.13691095e-02 1.04433318e-04]
 [1.94286858e-05 2.25208923e-02 4.22156930e-01 5.55302739e-01]
 [9.99845028e-01 4.28467465e-05 1.12127775e-04 1.30911735e-08]
 [1.88138245e-06 9.98508036e-01 1.48931204e-03 7.64469178e-07]
 [3.50207472e-08 1.08436268e-06 9.99998927e-01 4.62277612e-11]
 [3.99937235e-05 9.95201349e-01 4.75870771e-03 2.54125143e-09]
 [1.38593023e-04 9.96415377e-01 3.44601925e-03 4.44295989e-10]]
